gene_id	gene_short_name	78h_WT_rep1	78h_WT_rep2	78h_WT_rep3	84h_WT_rep1	84h_WT_rep2	84h_WT_rep3	baseMean	log2FoldChange	lfcSE	stat	pvalue	padj
ENSMUSG00000030699	Tbx6	35.7069312515306	508.244012899226	382.692406112241	281.639996425483	4882.67755193022	3872.06470208453	1660.50426678387	3.0889425321808	0.14817082405269	20.8471711750916	1.6170418389578e-96	2.12107378016094e-92
ENSMUSG00000026640	Plxna2	176.604551865678	1885.26459851721	1597.90864306515	594.685891732945	8175.59774197053	6510.40372944676	3156.74419276638	1.85513867433537	0.106000714015907	17.5011903604439	1.40305979888423e-68	9.20196769098223e-65
ENSMUSG00000019880	Rspo3	140.897620614148	727.867620767726	613.842455919383	745.636825068906	3321.01145232501	2674.80895862513	1370.67748888672	2.1419333086024	0.135000914333615	15.8660651979678	1.08854841464163e-56	4.75949651828476e-53
ENSMUSG00000087166	L1td1	7320.88595875976	7745.13342792894	7955.97370601763	3596.48196874268	2393.99979692978	3303.1337743832	5385.934772127	-1.15198416245534	0.080578402043821	-14.2964384157042	2.30297690174926e-46	7.55203700506126e-43
ENSMUSG00000036943	Rab8b	579.996369788375	1197.24019864598	1251.66313277312	1705.03638123773	3452.10400965363	2982.19837926963	1861.37307856141	1.39455758787699	0.104556200397999	13.3378755403174	1.39375054501669e-40	3.65636517979678e-37
ENSMUSG00000029231	Pdgfra	28.9515658796194	483.949366011118	419.139301932454	116.505753917017	2158.86552743559	1784.94263581023	832.059025164337	1.98820618420827	0.157664820440737	12.6103348778151	1.8520439267344e-36	4.04887669782919e-33
ENSMUSG00000021994	Wnt5a	223.892109469057	699.68583037752	560.131241026437	642.301286812074	2553.1836165431	2270.51372062492	1158.28463414218	1.72496865951061	0.140114453717894	12.3111400268788	7.89007432660241e-35	1.47848721345777e-31
ENSMUSG00000037736	Limch1	119.666472302427	472.287935504826	375.978504250622	396.119563317856	2095.40008301459	1595.29899324312	842.458591938906	1.8463503627398	0.151136722920334	12.2164244868075	2.54012934643081e-34	4.16485957964162e-31
ENSMUSG00000002944	Cd36	33.776826859556	125.360377942639	104.54504327377	147.911652798995	771.989504268533	791.918507423101	329.250318761099	2.57619734708945	0.235126584137779	10.9566400436449	6.17495622587039e-28	8.09969008147419e-25
ENSMUSG00000019966	Kitl	248.983466564727	216.708250241926	220.599632596028	990.805455050801	698.119888630978	686.676705778716	510.315566477196	1.79861622832081	0.164041932003909	10.9643687217604	5.6694818150536e-28	8.09969008147419e-25
ENSMUSG00000042515	Pwwp3b	371.545095455116	1404.23059013266	1297.70131696707	826.684306054656	3029.69465826141	2880.08257173349	1634.98975643407	1.11519671910996	0.103722019480876	10.751783706984	5.81265330440521e-27	6.35371444949026e-24
ENSMUSG00000024304	Cdh2	854.071193448772	3286.5798310233	2730.63980000388	1720.23278392256	6624.33581358188	6181.13235004452	3566.16529533748	1.02737840343762	0.097778942780783	10.5071539353925	8.00736187745013e-26	8.07942813434718e-23
ENSMUSG00000047250	Ptgs1	61.7633405431881	589.87402644327	511.215670320362	244.155536469574	1520.04941473899	1611.97096182044	756.504825055971	1.68290827321887	0.160959514346358	10.455475589952	1.38303155054589e-25	1.2958017748936e-22
ENSMUSG00000037171	Nodal	856.966350036734	2007.70961883327	1897.15684032584	399.158843854822	687.715717414421	797.128497603517	1107.63931134477	-1.21523318860159	0.119046122344842	-10.2080871234211	1.82425705796844e-24	1.5952519886248e-21
ENSMUSG00000058806	Col13a1	72.3789146990485	357.617202192955	282.943007025341	257.325752129758	1182.95426732254	1059.71200269644	535.488524344347	1.76162055164598	0.175660657360997	10.0285435458989	1.14188482800568e-23	9.36131455559404e-21
ENSMUSG00000029646	Cdx2	1333.70213485447	1059.24660432152	973.515769934647	3338.1431231006	2042.33880981015	1922.48637657319	1778.2388030991	1.09650106790843	0.116282925931702	9.42959647018558	4.11669656155591e-21	2.69993543989645e-18
ENSMUSG00000039316	Rftn1	331.977955419636	875.579073847424	779.771744785092	714.230926186927	2075.63215770313	1817.2445749288	1099.07273881184	1.12331554186479	0.119758693968668	9.37982458424833	6.60825775049609e-21	4.12764366253606e-18
ENSMUSG00000057706	Mex3b	293.375867580143	466.45722025168	434.485363330439	763.8725082907	1020.64919634425	1047.20802626344	671.008030343442	1.28410700009356	0.140568910311625	9.13507117076492	6.53637678851068e-20	3.89716610613157e-17
ENSMUSG00000031074	Fgf3	19.3010439197463	128.275735569212	79.6076935020451	146.898559286673	668.988209224618	506.411045536352	258.247047839774	2.492382449095	0.279374597985481	8.92129229739252	4.60878457507987e-19	2.62840988136185e-16
ENSMUSG00000056648	Hoxb8	73.3439668950358	5.830715253146	5.75477302424422	542.005029092207	135.254225815242	77.1078546701441	139.88276079167	3.23325245983918	0.367686191677807	8.79351069749281	1.44957796439015e-18	7.92254756621067e-16
ENSMUSG00000004885	Crabp2	1032.60584970643	665.673324734168	691.53189174668	2292.63061838442	1356.70392663904	1264.9856158048	1217.35520450259	1.0099348421634	0.115435890573514	8.74888076096436	2.15479199179333e-18	1.13057626225412e-15
ENSMUSG00000050917	Fgf4	164.058873317843	66.0814395356547	89.1989818757854	508.572943185585	698.119888630978	430.345188902291	326.062885908023	2.10673157062431	0.241279860767576	8.7314853544852	2.51349576860197e-18	1.26805861525969e-15
ENSMUSG00000042106	Inka1	7.72041756789851	58.30715253146	50.8338283808239	70.9165458625318	365.186409701153	335.523367618735	148.081286943767	2.7688224742592	0.328653552875919	8.42474529799031	3.61535831018499e-17	1.63526396395505e-14
ENSMUSG00000029337	Fgf5	343.558581771484	1835.70351886547	1905.78899986221	181.343738705617	448.419779433609	652.290770587976	894.51756487106	-1.29253690729905	0.154232195892585	-8.38046103032368	5.27207862502837e-17	2.30512851081657e-14
ENSMUSG00000003436	Dll3	333.90805981161	1281.7855698166	974.474898772021	694.982149452812	2643.69990612715	2518.50925321268	1407.89330619881	1.11935414228746	0.133665682627952	8.374282166374	5.55614907041964e-17	2.35096797924821e-14
ENSMUSG00000050295	Foxc1	14.4757829398097	92.3196581748117	95.9128837374037	46.6023015668066	689.796551657733	518.915021969348	243.003700007652	2.2758202641711	0.277921334599842	8.1887209826762	2.64016812172957e-16	1.0494268258402e-13
ENSMUSG00000095440	Fignl2	284.690397816257	447.993288616718	405.711498209218	574.424021486508	1238.09637477029	1137.86185540267	681.462906050276	1.25294244968946	0.152971900779003	8.19067059576892	2.59774672061694e-16	1.0494268258402e-13
ENSMUSG00000023781	Hes7	83.9595410508963	125.360377942639	71.9346628030528	580.502582560439	1267.22805417665	983.646146062379	518.771894099342	3.09874592823265	0.393224949952724	7.88033904920125	3.26493933067272e-15	1.12700550527458e-12
ENSMUSG00000046634	Pkd1l1	12.5456785478351	157.429311834942	163.051902353586	44.5761145421628	691.877385901044	584.560898242579	275.673548570358	1.85950361188552	0.241337134160966	7.70500411530238	1.30839074656514e-14	4.29054035567374e-12
ENSMUSG00000043391	2510009E07Rik	353.209103731357	278.902546275484	277.188234001097	684.851214329593	1182.95426732254	977.39415784588	625.749920584325	1.45628261031221	0.190673895924582	7.63755627507718	2.21383287597652e-14	7.08264532541073e-12
ENSMUSG00000044338	Aplnr	147.652985986059	2959.0879909716	2405.49512413408	850.998550350382	9297.16739911538	9292.53848578845	4158.82342272432	2.09910697128463	0.28623360502459	7.33354481946415	2.2414347387351e-13	6.12518738916424e-11
ENSMUSG00000031073	Fgf15	68.5187059150993	81.630013544044	66.1798897788085	234.024601346355	398.479757594135	284.465463850667	188.883072004851	1.8738206911653	0.256272028944265	7.31184241559514	2.63504035476213e-13	7.05384170069692e-11
ENSMUSG00000027954	Efna1	41.4972444274545	72.883940664325	77.689435827297	105.361725281476	604.482347681965	455.353141768283	226.2113059418	2.13977134741431	0.298483691243608	7.16880489684087	7.56552830334611e-13	1.94582421088217e-10
ENSMUSG00000022425	Enpp2	1010.40964919872	675.391183489412	810.463867581061	494.389634013079	215.366344182731	323.019391185739	588.17334494179	-1.12513588665504	0.157353242012309	-7.15038261853557	8.65363531745939e-13	2.18287950882913e-10
ENSMUSG00000040724	Kcna2	97.4702717947187	41.7867926475463	44.1199265192057	260.365032666724	499.400218394738	310.515414752742	208.942942795946	2.24328435022883	0.318673521070273	7.03944382543835	1.93008674030788e-12	4.77678259860727e-10
ENSMUSG00000026110	Mgat4a	718.963886010549	551.974377297821	488.196578223385	1194.4372510275	1383.75477180209	1353.55544887185	948.480385538866	1.10664154877737	0.157463964571373	7.02790350661957	2.09659801035929e-12	5.09279187071904e-10
ENSMUSG00000032446	Eomes	101.330480578668	2649.08829667933	2357.53868226538	36.4713664435878	1079.95297227862	1307.7075352842	1255.34822225497	-1.04805674776843	0.151143125500547	-6.93420057510085	4.08524690811653e-12	9.40108485855517e-10
ENSMUSG00000002006	Pdzd4	1863.5157904515	843.510139955121	944.741904813426	1131.62545326354	351.660987119628	374.077294953807	918.188595092838	-1.00868291583618	0.150023688576276	-6.72349097271625	1.77421480803417e-11	3.8151435470466e-09
ENSMUSG00000042821	Snai1	89.7498542268202	571.410094808308	403.793240534469	177.29136465633	1295.31931646135	1275.40559616563	635.494911142151	1.24758946608011	0.189565124406219	6.58132380620101	4.66277842843291e-11	9.55651010089914e-09
ENSMUSG00000026437	Cdk18	372.510147651103	270.156473395765	258.005657253616	693.96905594049	591.997342222096	596.022876639492	463.776925517094	1.05490799624955	0.165496751487738	6.37419155824161	1.83930580459804e-10	3.71171911367885e-08
ENSMUSG00000027004	Frzb	23.1612527036955	884.325146727143	705.918824307291	72.9427328871756	1763.50702120642	1617.18095200086	844.505988305431	1.15787452209658	0.184263074278072	6.28381202600164	3.30370135430339e-10	6.46785830811904e-08
ENSMUSG00000039081	Zfp503	378.300460827027	137.021808448931	93.9946260626556	771.977256389275	552.461491599179	362.615316556894	382.728493313994	1.37250661431794	0.220261088370758	6.23127137194407	4.62664842649337e-10	8.66967820147337e-08
ENSMUSG00000019866	Crybg1	52.1128185833149	88.4325146727143	81.5259511767931	149.937839823639	312.125136496712	290.717452067165	162.475285470056	1.67749599663452	0.269937301837635	6.21439121312518	5.15240149672651e-10	9.38667367118911e-08
ENSMUSG00000042942	Greb1l	2549.66790179848	410.093639471269	404.752369371843	3908.51477053782	3034.89674386969	1728.67474186174	2006.10002781848	1.47518121537354	0.240440378627315	6.13533061208529	8.49822722255394e-10	1.46672692734526e-07
ENSMUSG00000022715	Tmem114	0.965052195987314	45.6739361496437	37.4060246575874	29.3797118573346	194.558001749617	207.357609180523	85.8900559651154	2.71691483271674	0.449442496865565	6.04507773889795	1.49337978188383e-09	2.38886129255734e-07
ENSMUSG00000027840	Wnt2b	2.89515658796194	90.376086423763	70.9755339656787	7.09165458625318	413.045597297315	402.211241928049	164.432545131503	2.21414982516725	0.366850979854054	6.03555652501764	1.58415763418964e-09	2.50354164911632e-07
ENSMUSG00000034936	Arl4d	29.9166180756067	423.698641728609	351.041154478897	305.954240721209	1760.38576984145	1664.0708636246	755.844548078395	2.61000360537971	0.434263643906711	6.0101821600806	1.8531498554954e-09	2.89378174458729e-07
ENSMUSG00000006205	Htra1	19.3010439197463	84.545371170617	57.5477302424422	44.5761145421628	417.207265783938	406.379234072381	171.592793288548	2.10330794487343	0.350442673754819	6.00186022534737	1.95069596370899e-09	3.01026811246716e-07
ENSMUSG00000025017	Pik3ap1	2.89515658796194	9.71785875524333	6.71390186161826	36.4713664435878	118.60755186875	96.9058173557216	45.2186088121472	3.58857980223489	0.59951472112112	5.98580764709844	2.15318713681231e-09	3.24636272109967e-07
ENSMUSG00000032291	Crabp1	122.561628890389	74.8275124153737	47.9564418687018	260.365032666724	456.743116406855	325.103387257905	214.592853250991	1.85117860800113	0.318951796348856	5.80394476278915	6.47726230625586e-09	9.03853719905937e-07
ENSMUSG00000075254	Heg1	132.212150850262	153.542168332845	159.21538700409	249.221004031183	534.774400531032	465.773122129114	282.456372146421	1.30791509841398	0.225847376194579	5.79114586342214	6.99078304409736e-09	9.65243170415001e-07
ENSMUSG00000042745	Id1	54.0429229752896	114.670733311871	87.2807242010373	130.689063089523	353.74182136294	339.691359763067	180.019437450621	1.56884234774802	0.27458819611129	5.71343695747275	1.10716901827596e-08	1.48191183803325e-06
ENSMUSG00000025969	Nrp2	231.612527036955	466.45722025168	429.689719143568	348.504168238728	1135.09507972637	1089.92994574285	616.881443356692	1.01080300643181	0.178001703205409	5.67861423924338	1.35790330234674e-08	1.76352649672101e-06
ENSMUSG00000019987	Arg1	243.193153388803	57.3353666559357	90.1581107131595	893.548477867901	796.95951518827	512.66303375285	432.309609594486	2.40634068991717	0.425076864626834	5.6609542653648	1.50533545318034e-08	1.93583187640848e-06
ENSMUSG00000057777	Mab21l2	153.443299161983	315.830409545408	337.613350755661	65.8510783009224	99.8800436789477	101.073809500054	178.948665157163	-1.49787034250158	0.265346050203572	-5.64496943275553	1.65210599304598e-08	2.10394896221205e-06
ENSMUSG00000023903	Mmp25	527.88355120506	638.463320219487	627.27025964262	322.163736918359	124.850054598685	179.223662206281	403.309097465082	-1.31913535271567	0.233857063818711	-5.64077616974734	1.6928530841672e-08	2.13511095240589e-06
ENSMUSG00000028360	Slc44a5	84.9245932468836	312.915051918835	277.188234001097	271.509061302265	570.148582667326	562.678939484835	346.560743770207	1.22190766581446	0.217070257445002	5.62908838915461	1.81164548364115e-08	2.24182583103028e-06
ENSMUSG00000101174	Hoxd4	6.75536537191119	2.915357626573	6.71390186161826	83.0736680103944	103.001295043915	47.9319096598193	41.7319162623718	3.44740600766173	0.612740672338818	5.62620724115317	1.84215012537588e-08	2.25826945743509e-06
ENSMUSG00000068302	Noto	0	54.4200090293627	55.6294725676941	12.1571221478626	279.872205725385	280.297471706335	113.729380196106	2.60771253642386	0.466415578728978	5.59096362846648	2.25812883090784e-08	2.66845728603767e-06
ENSMUSG00000029298	Gbp9	21.2311483117209	104.952874556628	93.0354972252816	79.0212939611069	265.306366022205	290.717452067165	142.377438690684	1.66722331503592	0.298888566584916	5.57807658581766	2.43192587687237e-08	2.84817604704775e-06
ENSMUSG00000070407	Hs3st3b1	29.9166180756067	172.977885843331	120.850233509129	99.2831642075445	361.02474121453	392.833259603302	196.147650408907	1.52560023019584	0.275266327298031	5.54226971809769	2.98575926581309e-08	3.3762245077302e-06
ENSMUSG00000033227	Wnt6	96.5052195987314	113.698947436347	72.8937916404268	285.692370474771	213.28550993942	264.667501165089	174.457223375797	1.53069840064329	0.276704181115616	5.5318947276901	3.16790020516595e-08	3.55156811890271e-06
ENSMUSG00000070526	Peg12	84.9245932468836	139.937166075504	141.951067931357	201.605608952055	335.014313173137	343.859351907399	207.882016881056	1.27102530020657	0.232198529822449	5.47387316008619	4.40304272546715e-08	4.853337094954e-06
ENSMUSG00000019874	Fabp7	28.9515658796194	98.1503734279577	83.4442088515412	56.7332366900254	452.581447920232	375.11929298989	182.496687626544	1.68942485389868	0.30957220352009	5.45728858950686	4.83460243799908e-08	5.26176154854059e-06
ENSMUSG00000071112	Spx	7.72041756789851	14.576788132865	17.2643190727327	34.445179418944	155.0221511267	127.123760402129	59.3587692868783	2.71823197009923	0.498156298238365	5.45658456936456	4.85380153520935e-08	5.26176154854059e-06
ENSMUSG00000034324	Tmem132c	39.5671400354799	24.2946468881083	23.0190920969769	108.401005818441	239.295937980812	137.54374076296	95.3535939304631	2.08045106590808	0.388335865176825	5.35734979039541	8.44515258566376e-08	8.65430206766809e-06
ENSMUSG00000079277	Hoxd3	8.68546976388582	1.94357175104867	4.79564418687018	49.6415821037723	150.860482640077	55.2258959124005	45.1921077263424	3.34363934185269	0.630335185811171	5.30454180112094	1.12956358287644e-07	1.13972965512233e-05
ENSMUSG00000049521	Cdc42ep1	73.3439668950358	29.15357626573	28.7738651212211	320.137549893715	67.6271129076208	85.4438389588083	100.746651673689	1.82848514220534	0.346895968055926	5.2709898949029	1.35689941160969e-07	1.35256532091877e-05
ENSMUSG00000051159	Cited1	38.6020878394925	100.093945179006	117.013718159632	116.505753917017	1131.97382836141	809.632474036513	385.636967915511	2.39505759191147	0.456277611515007	5.24912362883424	1.52824492036156e-07	1.48488804595427e-05
ENSMUSG00000025013	Tll2	2.89515658796194	4.85892937762167	7.67303069899229	13.1702156601845	175.830493559814	95.8638193196386	50.0486075340355	3.46975314446625	0.666621613505298	5.20498146800437	1.94015967118869e-07	1.8441358265929e-05
ENSMUSG00000075316	Scn9a	131.247098654275	421.755069977561	371.182860063752	333.307765553899	556.623160085802	678.340721490051	415.40944597089	1.00031746218772	0.192303871988294	5.20175413965982	1.97416278219266e-07	1.86295634633246e-05
ENSMUSG00000038400	Pmepa1	181.429812845615	516.018299903421	519.847829856728	94.2176966459351	158.143402491667	233.407560082598	283.844100304327	-1.0710184346943	0.206409044718924	-5.1888154230487	2.11636039263844e-07	1.96881555108073e-05
ENSMUSG00000020875	Hoxb9	47.2875576033784	6.80250112867033	9.59128837374037	364.713664435878	45.778353352851	26.0499509020757	83.3705526327656	2.3716406752671	0.459257017883201	5.16408151191335	2.41622395611094e-07	2.20094511335467e-05
ENSMUSG00000026494	Kif26b	11.5806263518478	21.3792892615353	11.5095460484884	42.5499275175191	245.538440710746	108.367795752635	73.4876042737953	2.41281531638101	0.468826336244253	5.14650123051953	2.65389724238983e-07	2.36770991360933e-05
ENSMUSG00000026768	Itga8	29.9166180756067	193.385389229342	189.907509800059	45.5892080544847	699.160305752634	591.85488449516	291.635652567881	1.33706104693051	0.259862670627554	5.14526016261429	2.67150314259496e-07	2.36770991360933e-05
ENSMUSG00000042190	Cmklr1	9.65052195987314	44.7021502741193	36.4468958202134	31.4058988819784	214.325927061075	189.643642567111	87.6958394273951	2.07127691744105	0.402926200033048	5.1405863338526	2.73882441653623e-07	2.41108455514803e-05
ENSMUSG00000027559	Car3	197.835700177399	153.542168332845	158.256258166716	336.347046090865	414.086014418971	410.547226216713	278.435735567252	1.1313477600548	0.223202507757429	5.06870541653735	4.00530565182603e-07	3.41153209318195e-05
ENSMUSG00000073424	Cyp4f15	57.9031317592388	110.783589809774	84.4033376889152	96.2438836705789	498.359801273083	422.009204613626	211.617158135869	1.59214015688637	0.316136691129808	5.03623970756569	4.74765958247996e-07	3.96656374161718e-05
ENSMUSG00000037188	Grhl3	70.4488103070739	124.388592067115	107.422429785892	198.566328415089	276.750954360418	258.415512948591	172.665437980696	1.29451504830365	0.261448811757629	4.95131356536324	7.37142176580212e-07	5.96857650012509e-05
ENSMUSG00000075394	Hoxc4	23.1612527036955	3.88714350209733	5.75477302424422	122.584314990948	74.9100327592108	40.6379234072381	45.155906731239	2.7350229754638	0.554008941606607	4.93678489652591	7.94209851509341e-07	6.35222598917562e-05
ENSMUSG00000047002	Msgn1	9.65052195987314	712.319046759336	598.496394521399	345.464887701762	4512.28905662079	4303.45188902291	1746.94529943101	3.7372887900411	0.766941871190037	4.87297529373651	1.09929975042319e-06	8.48206754488295e-05
ENSMUSG00000031963	Bmper	6.75536537191119	96.206801676909	81.5259511767931	15.1964026848282	274.670120117106	320.935395113573	132.548339356853	1.72098259755575	0.356231642963409	4.8310772822967	1.35796277270735e-06	0.000103560451683734
ENSMUSG00000013584	Aldh1a2	49.217661995353	75.799298290898	70.0164051283047	229.972227297067	3619.6111662402	1685.95282238234	955.09493022236	3.63367448321336	0.755114716841199	4.81208272355461	1.49365500459864e-06	0.000111955843973259
ENSMUSG00000038298	Pdzk1	154.40835135797	65.1096536601303	57.5477302424422	299.875679647277	211.204675696108	202.147619000107	165.048951600673	1.38384169870549	0.288724369169986	4.79295080870281	1.64345932524481e-06	0.000120131879846019
ENSMUSG00000036040	Adamtsl2	0	50.5328655272653	50.8338283808239	8.10474809857506	242.417189345779	216.73559150527	94.7707038096189	2.31841330297475	0.48409556779091	4.78916448988461	1.67477159040834e-06	0.000121370049455172
ENSMUSG00000036862	Dchs1	122.561628890389	177.836815220953	194.703153986929	257.325752129758	410.964763054004	364.69931262906	254.681904318516	1.0103482389344	0.211890109911077	4.7682652076513	1.85819066806448e-06	0.000131750740502713
ENSMUSG00000054072	Iigp1	17.3709395277716	170.062528216758	162.092773516212	56.7332366900254	235.134269494189	380.329283170305	170.28717176921	1.34321887805698	0.283189509331455	4.743180216061	2.10388946024619e-06	0.000146014381217192
ENSMUSG00000021953	Tdh	701.592946482777	210.87753498878	237.863951668761	418.407620588938	87.3950382190792	83.3598428866423	289.91615580583	-1.08967647307193	0.230648784562218	-4.72439720478124	2.30798922524142e-06	0.00015767653472652
ENSMUSG00000029561	Oasl2	27.0214614876448	57.3353666559357	70.9755339656787	100.296257719866	148.779648396766	178.181664170198	97.0983220660149	1.63451227118609	0.348407709842764	4.69137801779341	2.7137104746106e-06	0.000181610919874833
ENSMUSG00000029309	Sparcl1	8.68546976388582	13.6050022573407	12.4686748858625	22.2880572710814	160.224236734979	125.039764329963	57.0518675405187	2.61043038319811	0.559495849373319	4.66568319697457	3.07593305195961e-06	0.000204409843473316
ENSMUSG00000045087	S1pr5	6.75536537191119	30.1253621412543	24.937349771725	13.1702156601845	245.538440710746	182.34965631453	83.8127316617252	2.26716562261585	0.488295906715146	4.64301582593121	3.4336003884549e-06	0.000222963050967143
ENSMUSG00000008398	Elk3	66.5886015231246	146.739667204174	124.686748858625	160.068774946858	274.670120117106	295.92744224758	178.113559149578	1.18001685590931	0.254886038394223	4.62958608224835	3.66397388181553e-06	0.000234440709306216
ENSMUSG00000029570	Lfng	30.881670271594	71.9121547888007	58.5068590798162	104.348631769154	884.354553407349	771.078546701441	320.180402669693	2.86172917387318	0.6184187553539	4.62749415197719	3.70116679866697e-06	0.000235670897563663
ENSMUSG00000045382	Cxcr4	12.5456785478351	157.429311834942	130.441521882869	20.2618702464377	443.21769382533	442.849165335287	201.12420694545	1.41851113393035	0.306634754076887	4.62606118540191	3.72685243600245e-06	0.000236160016439827
ENSMUSG00000026432	Avpr1b	12.5456785478351	74.8275124153737	54.6703437303201	69.9034523502099	214.325927061075	172.971673989783	99.8740980157661	1.78571950510416	0.38631093066939	4.62249282465269	3.79155930914553e-06	0.00023910520893299
ENSMUSG00000021256	Vash1	151.513194770008	65.1096536601303	64.2616321040605	299.875679647277	220.56842979101	176.097668098032	162.904376345086	1.23842436309576	0.271070845277027	4.56863725728275	4.90905542560483e-06	0.00029673769593391
ENSMUSG00000090125	Pou3f1	327.152694439699	178.808601096477	171.684061889953	177.29136465633	49.9400218394739	41.6799214433211	157.759444227542	-1.48890136707303	0.327053230644681	-4.55247411602732	5.30186857061527e-06	0.000317555296989774
ENSMUSG00000074445	Sprr2a3	95.540167402744	394.545065462879	347.204639129401	737.532076970331	1020.64919634425	1084.71995556243	613.365183478672	2.15710646709294	0.474652686266398	4.54459972419131	5.50397450166728e-06	0.00032374723559807
ENSMUSG00000050335	Lgals3	22.1962005077082	114.670733311871	70.0164051283047	72.9427328871756	243.457606467435	246.953534551678	128.372868809029	1.52433027444847	0.338338907094821	4.5053354565021	6.62681719252694e-06	0.000379580616219982
ENSMUSG00000038721	Hoxb7	11.5806263518478	3.88714350209733	1.91825767474807	110.427192843085	33.2933478929826	21.8819587577436	30.4980878370841	3.09262591044693	0.68909637493556	4.48794395520675	7.1913840108675e-06	0.000410127756828474
ENSMUSG00000017607	Tns4	15.440835135797	36.9278632699247	13.4278037232365	40.5237404928753	252.821360562336	153.173711304205	85.3858857480625	2.15965283327905	0.483384591829575	4.46777342468639	7.90379541996665e-06	0.000443688567507508
ENSMUSG00000031326	Cdx4	24.1263048996828	5.830715253146	3.83651534949615	138.793811188098	28.091262284704	29.1759450103248	38.3090923309086	2.55839150860953	0.58119187968075	4.40197394019831	1.07270443722579e-05	0.000581432400954161
ENSMUSG00000027171	Prrg4	396.636452550786	311.943266043311	308.83948563444	251.247191055827	116.526717625439	116.703780041299	250.316148825184	-1.06398983498011	0.242546602969363	-4.38674391623826	1.15060121700409e-05	0.000615827549116528
ENSMUSG00000019894	Slc6a15	286.620502208232	172.006099967807	211.008344222288	135.754530651132	71.7887813942437	78.1498527062271	159.221351858322	-1.1942002512709	0.272710409213045	-4.37900502117607	1.19222385363392e-05	0.000628048204342014
ENSMUSG00000027313	Chac1	201.695908961349	137.993594324455	115.095460484884	93.2046031336132	36.4145992579497	29.1759450103248	102.263351862096	-1.62521816620933	0.371110851502856	-4.37933345152216	1.19042860757282e-05	0.000628048204342014
ENSMUSG00000055639	Dach1	88.7848020308329	62.1942960335573	64.2616321040605	136.767624163454	369.348078187775	263.625503129006	164.163655941448	1.47431336844297	0.336948925652149	4.37548024701224	1.21165414660635e-05	0.000635730697641418
ENSMUSG00000051354	Samd3	4.82526097993657	27.2100045146813	25.896478609099	15.1964026848282	168.547573708224	130.249754510379	61.987579167858	2.13357895726447	0.491887111922106	4.33753783246579	1.44087738475099e-05	0.000744094041566094
ENSMUSG00000063919	Srrm4	84.9245932468836	86.4889429216657	63.3025032666864	130.689063089523	333.973896051481	307.389420644493	167.794736536789	1.46862995292934	0.340538574285462	4.3126684135884	1.61295932114219e-05	0.000816879822989269
ENSMUSG00000009900	Wnt3a	309.781754911928	1249.71663592429	1089.57035925691	1293.72041523504	2341.97894084699	2458.07336711986	1457.14024554917	1.50163423862722	0.348811158230754	4.30500631414384	1.66980972887285e-05	0.000842419008216352
ENSMUSG00000067586	S1pr3	1.93010439197463	6.80250112867033	2.87738651212211	6.0785610739313	143.577562788487	70.8558664536459	38.6869970581386	3.36086229805811	0.781426573524855	4.30093167026295	1.70081503970383e-05	0.00085477359677376
ENSMUSG00000022485	Hoxc5	27.0214614876448	2.915357626573	0.959128837374037	119.545034453982	42.6571019878839	28.1339469742418	36.8720052279499	2.90923246194979	0.678066588721458	4.29048195315943	1.78285774600554e-05	0.000892585689097507
ENSMUSG00000034910	Pygo1	102.295532774655	103.981088681104	109.34068746064	225.91985324778	243.457606467435	220.903583649602	167.649725380203	1.08965400944085	0.254613741354878	4.27963551237443	1.87199630768595e-05	0.000923119382252502
ENSMUSG00000020388	Pdlim4	53.0778707793022	83.5735852950927	66.1798897788085	96.2438836705789	383.913917890955	224.029577757851	151.169787528765	1.29975699710402	0.304211595657088	4.27254258436988	1.93256631261697e-05	0.000949418439048567
ENSMUSG00000020654	Adcy3	160.198664533894	193.385389229342	193.744025149555	212.749637587595	662.745706494684	535.586990546676	326.401735590291	1.04486540624551	0.244714038638157	4.26974035515178	1.95700653604786e-05	0.000957837863184321
ENSMUSG00000013846	St3gal1	53.0778707793022	111.755375685298	104.54504327377	140.819998212742	285.074291333663	220.903583649602	152.69602715573	1.17976691950773	0.276968237938079	4.25957477395474	2.04816174678496e-05	0.000991355632198463
ENSMUSG00000078202	Nrarp	175.639499669691	239.059325378986	200.457927011174	229.972227297067	767.82783578191	602.27486485599	369.205279999137	1.02846471413803	0.241406043538359	4.26031055007372	2.04143057417591e-05	0.000991355632198463
ENSMUSG00000012396	Nanog	2829.5330386348	2952.28548984293	3420.25343407581	1507.48314633496	753.261996078731	903.412297283985	2061.03823370854	-1.41822147886358	0.333758069203065	-4.24925000989476	2.14487427492801e-05	0.00102679984905952
ENSMUSG00000063506	Arhgap22	94.5751152067567	198.244318606964	217.722246083906	44.5761145421628	58.2633588127195	69.8138684175629	113.865836945012	-1.37383484143754	0.324364177293181	-4.23547030656156	2.28073842195329e-05	0.00108392919857831
ENSMUSG00000030020	Prickle2	91.6799586187948	83.5735852950927	89.1989818757854	265.430500228333	204.962172966174	163.593691665035	149.739815108203	1.18947243697315	0.284991239285479	4.17371579545868	2.99671546080255e-05	0.00139389775529599
ENSMUSG00000027524	Edn3	23.1612527036955	122.445020316066	98.7902702495258	47.6153950791285	310.0443022534	284.465463850667	147.753617408747	1.2612380422244	0.302647364753279	4.16735180645821	3.08158719146926e-05	0.00141332794372386
ENSMUSG00000027200	Sema6d	6.75536537191119	176.865029345429	133.318908394991	7.09165458625318	558.703994329114	499.11705928377	230.308668551911	1.4486498241376	0.347840763740243	4.16469251205822	3.11772463123142e-05	0.0014226698638624
ENSMUSG00000027359	Slc27a2	501.827141913403	209.905749113256	259.923914928364	318.111362869071	49.9400218394739	80.2338487783932	236.65700657366	-1.12274791360819	0.269615267200756	-4.16425941032557	3.12364809630535e-05	0.0014226698638624
ENSMUSG00000092035	Peg10	8467.36796759269	7698.48770590377	6758.02178813746	14006.01780785	21091.3358902045	20769.1048552069	13131.7226691492	1.18971695211847	0.289712051396103	4.10654974960587	4.01612993613488e-05	0.00174435683351925
ENSMUSG00000026896	Ifih1	40.5321922314672	136.050022573407	116.054589322258	82.0605744980725	210.164258574452	299.053436355829	147.319178925914	1.16434879547965	0.28426936828834	4.09593479061954	4.20468282350737e-05	0.00178488105488499
ENSMUSG00000030107	Usp18	1.93010439197463	10.6896446307677	6.71390186161826	42.5499275175191	50.9804389611296	43.7639175154872	26.1046558130827	3.04910665094492	0.748922474388829	4.07132481026584	4.67465126805344e-05	0.00195278346124385
ENSMUSG00000032796	Lama1	231.612527036955	504.356869397129	452.708811240545	431.577836249122	2611.44697535582	1886.01644531028	1019.61991076498	1.53783884332516	0.378161066158308	4.06662393605951	4.76991228817647e-05	0.00198625204711145
ENSMUSG00000026678	Rgs5	0.965052195987314	15.5485740083893	15.3460613979846	2.02618702464377	143.577562788487	103.15780557222	46.7702071646187	2.58439397105968	0.641960111845094	4.02578590690273	5.67853374491523e-05	0.0022848259856458
ENSMUSG00000025407	Gli1	414.007392078558	138.96538019998	150.583227467724	233.011507834033	81.152535489145	59.3938880567326	179.518988521029	-1.05868194576345	0.263845045347694	-4.01251402833173	6.00755077007045e-05	0.00240981784253866
ENSMUSG00000001494	Sost	32.8117746635687	2.915357626573	3.83651534949615	134.74143713881	29.1316794063597	25.0079528659927	38.0741195084668	2.42629156664384	0.60591013848511	4.00437525721228	6.2181592093912e-05	0.00247913660637034
ENSMUSG00000038132	Rbm24	13.5107307438224	50.5328655272653	42.2016688444576	17.222589709472	279.872205725385	244.869538479512	108.034933171652	1.78056484995011	0.448141771682995	3.97321776825937	7.09081653557861e-05	0.00276816191955907
ENSMUSG00000059742	Kcnh7	3.86020878394925	13.6050022573407	12.4686748858625	11.1440286355407	129.011723085307	87.5278350309744	42.9362454464958	2.41548020406332	0.611838844453737	3.94790266417281	7.88388442041112e-05	0.00302101538836269
ENSMUSG00000023959	Clic5	80.099332266947	72.883940664325	89.1989818757854	29.3797118573346	26.0104280413926	15.6299705412454	52.2003942078384	-1.93368622646689	0.492236209300217	-3.92837054636004	8.55233665863088e-05	0.00320760006766086
ENSMUSG00000038253	Hoxa5	303.026389540016	22.3510751370597	23.0190920969769	424.486181662869	245.538440710746	140.669734871209	193.181819003146	1.6891680022293	0.431113829211624	3.91814849762132	8.92317311992964e-05	0.00331572979643391
ENSMUSG00000031139	Mcf2	305.921546127978	92.3196581748117	110.299816298014	170.199710070076	54.1016903260967	27.0919489381587	126.655728322523	-1.35648840787257	0.346351109954717	-3.91651237396041	8.98392066454057e-05	0.00332887252420279
ENSMUSG00000041548	Hspb8	20.2660961157336	55.391794904887	57.5477302424422	42.5499275175191	171.668825073191	181.307658278447	88.12200535537	1.47048310071914	0.376084393606291	3.90998171080328	9.23031095724653e-05	0.00340095474230907
ENSMUSG00000014603	Alx3	11.5806263518478	25.2664327636327	20.1417055848548	36.4713664435878	110.284214895505	95.8638193196386	49.9346942265111	1.9237547558245	0.492659317350411	3.90483786274603	9.42885792188512e-05	0.00345640825321667
ENSMUSG00000038418	Egr1	390.846139374862	360.532559819528	609.046811732513	149.937839823639	306.923050888433	80.2338487783932	316.253375069561	-2.05239587379738	0.529033490288025	-3.87951974964757	0.000104662903449491	0.00377031629650695
ENSMUSG00000026167	Wnt10a	6.75536537191119	21.3792892615353	9.59128837374037	36.4713664435878	74.9100327592108	72.939862525812	37.0078674559662	2.30889268043812	0.599828735313006	3.84925320263839	0.000118478488428285	0.0042116052377068
ENSMUSG00000034040	Galnt17	126.421837674338	125.360377942639	93.9946260626556	259.351939154402	223.689681155977	215.693593469187	174.085342576533	1.00218731574505	0.26094883208212	3.84055106799507	0.000122758430855427	0.00432855467078127
ENSMUSG00000038264	Sema7a	37.6370356435052	145.76788132865	143.869325606106	82.0605744980725	326.690976199891	280.297471706335	169.387210830427	1.0126077320722	0.265598198880759	3.81255496588218	0.000137537629486776	0.00474758180520536
ENSMUSG00000050840	Cdh20	6.75536537191119	101.065731054531	97.8311414121518	25.3273378080471	203.921755844518	230.281565974349	110.863816244251	1.37754351099182	0.36228156053159	3.80241133159108	0.000143294558476512	0.00489477792587606
ENSMUSG00000020205	Phlda1	24.1263048996828	34.984291518876	36.4468958202134	41.5368340051972	177.911327803126	157.341703448537	78.7245595826054	1.63433578824108	0.431706726193261	3.78575474756315	0.000153242755061959	0.00515406466191721
ENSMUSG00000046714	Foxc2	0	5.830715253146	2.87738651212211	2.02618702464377	83.2333697324564	50.0159057319853	23.9972607090589	3.52200580145034	0.930926839994218	3.78333253499514	0.000154742452385817	0.00519119372875896
ENSMUSG00000027217	Tspan18	16.4058873317843	77.7428700419467	67.1390186161826	34.445179418944	184.15383053306	204.231615072274	97.3530668356985	1.36093150102166	0.362532550474421	3.7539567115855	0.00017406493707525	0.0056818705150971
ENSMUSG00000044548	Dact1	68.5187059150993	275.015402773386	257.046528416242	122.584314990948	1569.98943657846	1135.7778593305	571.488708000772	1.60324205968007	0.427526422453101	3.75004204530995	0.000176804922749447	0.00572629672025802
ENSMUSG00000019982	Myb	261.529145112562	190.470031602769	239.782209343509	168.173523045433	49.9400218394739	75.023858597978	164.153131590288	-1.11098065400952	0.298158332998722	-3.72614323012828	0.000194431947788977	0.00617521515532206
ENSMUSG00000055874	Foxi3	256.703884132625	42.7585785230707	54.6703437303201	116.505753917017	7.28291985158994	10.4199803608303	81.3902434192422	-1.60554332731572	0.431937402698853	-3.71707408824493	0.000201543354741426	0.00637022694974286
ENSMUSG00000034463	Scara3	34.7418790555433	24.2946468881083	34.5286381454653	62.8117977639567	192.477167506305	125.039764329963	78.9823156148904	1.58989549514118	0.429743169934053	3.69964110281301	0.000215904574370829	0.00674290548100515
ENSMUSG00000038167	Plekhg6	52.1128185833149	68.0250112867033	52.752086055572	74.9689199118193	244.498023589091	230.281565974349	120.439737566808	1.38211340015824	0.373922758882208	3.69625375114871	0.000218804284555792	0.00680108009601498
ENSMUSG00000034057	Myrfl	0.965052195987314	5.830715253146	9.59128837374037	5.06546756160941	85.3142039757678	63.5618802010647	28.3881012602193	2.92892473021978	0.794664218076062	3.68573878576151	0.000228040155056543	0.00703378528597172
ENSMUSG00000039385	Cdh6	36.6719834475179	51.5046514027897	56.5886014050682	159.055681434536	104.041712165571	104.199803608303	85.3437389106308	1.44835331423472	0.393343395695553	3.68215999069612	0.000231266194665013	0.00708766045659106
ENSMUSG00000025427	Rnf165	49.217661995353	30.1253621412543	28.7738651212211	99.2831642075445	130.052140206963	105.241801644386	73.782332552787	1.48452945655714	0.405415509550628	3.66174806238326	0.000250500143566856	0.00751301121272916
ENSMUSG00000028753	Vwa5b1	1.93010439197463	23.322861012584	17.2643190727327	5.06546756160941	100.920460800603	112.535787896967	43.5065001227452	2.28330687616813	0.62352320472637	3.6619437077248	0.000250308869014775	0.00751301121272916
ENSMUSG00000031548	Sfrp1	229.682422644981	97.1785875524333	104.54504327377	296.836399110312	418.247682905593	281.339469742418	237.971600871584	1.00542947577232	0.274604923205961	3.66136726186158	0.000250872830004984	0.00751301121272916
ENSMUSG00000052353	Cemip	0.965052195987314	16.5203598839137	17.2643190727327	5.06546756160941	131.092557328619	83.3598428866423	42.3779331549174	2.31504930202315	0.635224908049427	3.64445611733319	0.000267957848151571	0.00782806925212507
ENSMUSG00000055653	Gpc3	619.563509823855	1471.28381554384	1217.13449462765	963.451930218111	4593.44159210994	3657.41310665143	2087.04807482914	1.10981291670028	0.306033888260945	3.62643798373722	0.000287357792882097	0.00828411465765816
ENSMUSG00000034224	Slc38a8	1.93010439197463	2.915357626573	0.959128837374037	11.1440286355407	46.8187704745067	37.511929298989	16.8798865441597	3.66003937013579	1.01643643731242	3.60085415652097	0.000317173465908705	0.00902465152348045
ENSMUSG00000038692	Hoxb4	168.88413429778	13.6050022573407	19.1825767474807	422.459994638225	219.528012669354	140.669734871209	164.054909246898	2.34288455612371	0.650837203397504	3.59980121586992	0.000318460540165763	0.00904165996829939
ENSMUSG00000070327	Rnf213	318.467224675813	436.331858110426	413.38452890821	501.481288599332	2524.05193713674	1335.84148225844	921.593053281494	1.24233900073486	0.346594411114232	3.58441729265337	0.000337831593788173	0.00952975702305263
ENSMUSG00000021732	Fgf10	8.68546976388582	158.401097710466	156.338000491968	19.2487767341158	331.89306180817	327.187383330071	166.958964973113	1.07365282170541	0.299868459193905	3.58041264023419	0.000343052025636011	0.00965625197482308
ENSMUSG00000024338	Psmb8	31.8467224675813	76.7710841664223	73.8529204778008	99.2831642075445	145.658397031799	149.005719159873	96.0696679185035	1.24418044790506	0.34995262858018	3.5552824762395	0.000377573215029324	0.0104706720117117
ENSMUSG00000022861	Dgkg	0.965052195987314	6.80250112867033	6.71390186161826	2.02618702464377	81.152535489145	63.5618802010647	26.8703429835216	2.928109086517	0.836235345551667	3.50153709968492	0.000462582562139054	0.0123076987171967
ENSMUSG00000038700	Hoxb5	40.5321922314672	0.971785875524333	0	141.833091725064	29.1316794063597	10.4199803608303	37.1481215998742	2.52995231241533	0.722879872736225	3.49982397882932	0.000465565473983656	0.0123370147924113
ENSMUSG00000031255	Sytl4	32.8117746635687	39.8432208964977	40.2834111697095	46.6023015668066	177.911327803126	176.097668098032	85.59161736629	1.51485316029272	0.433519714859487	3.4943120424955	0.000475285145168527	0.0124940445234386
ENSMUSG00000027082	Tfpi	63.6934449351627	103.009302805579	73.8529204778008	95.230790158257	304.842216645122	242.785542407346	147.235702904878	1.11263383936745	0.318589856422577	3.49237057281464	0.000478753547947398	0.0125189601933015
ENSMUSG00000015090	Ptgds	0.965052195987314	10.6896446307677	7.67303069899229	2.02618702464377	92.5971238273578	70.8558664536459	30.8011508052325	2.70723051135426	0.782174058334973	3.46116121150475	0.000537850622042068	0.0137256548819568
ENSMUSG00000022376	Adcy8	3.86020878394925	3.88714350209733	7.67303069899229	13.1702156601845	61.3846101776866	54.1838978763175	24.0265177832046	2.72317207215058	0.788230597223199	3.45479112552069	0.000550719294028972	0.014021575393394
ENSMUSG00000038793	Lefty1	2438.68689925994	2123.35213802067	1622.84599283687	827.697399566978	1280.75347675817	1086.8039516346	1563.35664301287	-1.10921703436101	0.321105648323445	-3.45436786974147	0.000551584425020303	0.014021575393394
ENSMUSG00000036585	Fgf1	27.9865136836321	65.1096536601303	60.4251167545643	87.1260420596819	114.445883382128	131.291752546462	81.0641603477663	1.29194563102783	0.374287198201527	3.45174945131897	0.00055696465150242	0.0141309580923738
ENSMUSG00000007097	Atp1a2	108.085845950579	393.573279587355	343.368123779905	173.238990607042	1660.50572616251	1304.58154117595	663.892251210556	1.36867924888395	0.399830639299844	3.42314748884849	0.000619004810686308	0.01537781458669
ENSMUSG00000032715	Trib3	193.97549139345	146.739667204174	189.907509800059	104.348631769154	68.6675300292765	77.1078546701441	130.12444747771	-1.0226388793658	0.300604671948332	-3.40193940678865	0.000669094709445847	0.016374095716047
ENSMUSG00000078954	Arhgap8	154.40835135797	102.037516930055	140.991939093983	95.230790158257	29.1316794063597	30.2179430464078	92.0030366655055	-1.37895119450093	0.405477905863326	-3.40080476534208	0.000671877947880496	0.0164115885332374
ENSMUSG00000038175	Mylip	46.322505407391	70.9403689132763	69.0572762909306	79.0212939611069	241.376772224124	174.013672025866	113.455314803782	1.10185853883707	0.324446141814114	3.3961215648185	0.00068347996965178	0.0166639530890751
ENSMUSG00000015468	Notch4	35.7069312515306	68.9967971622277	71.9346628030528	41.5368340051972	279.872205725385	267.793495273338	127.640154370122	1.31095563851027	0.386633352683508	3.39069464496872	0.000697157293569073	0.0169031649163503
ENSMUSG00000024901	Peli3	92.6450108147821	92.3196581748117	81.5259511767931	199.579421927411	1264.10680281168	817.968458325177	424.690883871776	2.39449600446325	0.70604718392198	3.39141074278096	0.000695338076089633	0.0169031649163503
ENSMUSG00000035692	Isg15	2.89515658796194	13.6050022573407	8.63215953636633	34.445179418944	35.374182136294	42.7219194794042	22.9455999027185	2.52800745272884	0.749666758824229	3.37217493369153	0.00074577063718164	0.0179465543157267
ENSMUSG00000062609	Kcnj15	0.965052195987314	4.85892937762167	2.87738651212211	2.02618702464377	57.2229416910638	52.0999018041514	20.0083997675983	3.27746411466194	0.976497991576958	3.35634496223503	0.000789799889090865	0.0186663155769457
ENSMUSG00000017493	Igfbp4	126.421837674338	222.538965495072	188.948380962685	213.762731099917	1225.61136931042	860.690377804581	472.995610391169	1.53695324314743	0.458238832323799	3.35404408079801	0.000796396746155945	0.0187210324719131
ENSMUSG00000027848	Olfml3	2.89515658796194	0.971785875524333	2.87738651212211	20.2618702464377	45.778353352851	22.9239567938266	15.9514182281206	3.24984243061924	0.969971629918644	3.35045101359492	0.000806800782453087	0.0189316741743062
ENSMUSG00000051726	Kcnf1	19.3010439197463	34.984291518876	36.4468958202134	76.9951069364631	80.1121183674893	81.2758468144762	54.8525505628774	1.51649400402666	0.45716579854087	3.31716416421971	0.000909361674333372	0.0207978050102029
ENSMUSG00000028946	Hes3	89.7498542268202	11.661430506292	13.4278037232365	261.378126179046	22.8891766764255	29.1759450103248	71.3803893870241	1.39139343642348	0.420697125967245	3.30735189413158	0.000941824998113578	0.0212461278776478
ENSMUSG00000039546	Ajap1	15.440835135797	21.3792892615353	10.5504172111144	22.2880572710814	182.072996289748	103.15780557222	59.1482334569161	1.8887184136067	0.571110995807662	3.30709516621316	0.0009426886044668	0.0212461278776478
ENSMUSG00000029005	Draxin	46.322505407391	42.7585785230707	23.9782209343509	63.8248912762786	248.659692075714	146.921723087707	95.4109352174186	1.46515495630973	0.444246130528318	3.29807027146709	0.000973517674644251	0.0217911797582059
ENSMUSG00000014773	Dll1	342.593529575496	596.676527571941	425.853203794072	705.11308457603	4739.09998914174	3884.56867851753	1782.31750219613	2.17284390841762	0.659705009881519	3.29365985686217	0.000988920906668851	0.0220429354710121
ENSMUSG00000020052	Ascl1	60.7982883472008	34.984291518876	25.896478609099	115.492660404695	74.9100327592108	100.031811463971	68.6855938505086	1.37349790910854	0.41829338967427	3.28357545926819	0.00102499200343746	0.0226343772880289
ENSMUSG00000048763	Hoxb3	171.779290885742	43.730364398595	26.855607446473	364.713664435878	341.256815903071	215.693593469187	194.004889423158	1.9737755870019	0.602595405775823	3.27545740986977	0.00105491019158126	0.0231005959648937
ENSMUSG00000000690	Hoxb6	30.881670271594	0	0	132.715250114167	12.4850054598685	6.25198821649817	30.3889856770212	2.85670608344648	0.873571282314416	3.27014651383457	0.00107491793889813	0.0234214262533668
ENSMUSG00000074272	Ceacam1	10.6155741558604	30.1253621412543	32.6103804707172	30.3928053696565	110.284214895505	93.7798232474725	51.3013600467443	1.55815706554118	0.477306724065934	3.26447750886061	0.00109666169423123	0.0236983714056525
ENSMUSG00000024900	Cpt1a	132.212150850262	105.924660432152	93.0354972252816	53.6939561530598	37.4550163796054	44.8059155515702	77.8545327653219	-1.21720101224405	0.373828331483183	-3.25604270659408	0.00112976756925997	0.0242539463273045
ENSMUSG00000041592	Sdk2	33.776826859556	34.0125056433517	28.7738651212211	82.0605744980725	124.850054598685	82.3178448505592	64.2986119285742	1.34430286904652	0.412991638727522	3.25503652613522	0.00113377783164773	0.0243002676760183
ENSMUSG00000079330	Lemd1	29.9166180756067	45.6739361496437	43.1607976818317	100.296257719866	63.465444420998	93.7798232474725	62.7154795492365	1.35752063226036	0.41945460683873	3.23639461845819	0.0012104991290562	0.0256927460773951
ENSMUSG00000040612	Ildr2	46.322505407391	32.068933892303	32.6103804707172	62.8117977639567	143.577562788487	143.795728979458	76.8644848837189	1.46337421396751	0.453916047758011	3.22388737123402	0.00126463127722007	0.0266690811307005
ENSMUSG00000090891	D6Ertd527e	1.93010439197463	12.6332163818163	9.59128837374037	9.11784161089695	66.5866957859651	58.3518900206496	26.3685060941738	2.35381603251155	0.732541664778088	3.21321795835954	0.00131256641148225	0.027503088848902
ENSMUSG00000040907	Atp1a3	170.814238689754	81.630013544044	85.3624665262893	69.9034523502099	44.7379362311953	39.5959253711551	82.0073387854413	-1.17528412964486	0.36613130887131	-3.21000717821145	0.0013273165758653	0.0277450158391446
ENSMUSG00000022032	Scara5	13.5107307438224	47.6175079006923	26.855607446473	48.6284885914504	95.7183751923249	94.8218212835556	54.5254218597198	1.53855138990017	0.482889055090432	3.18613845909604	0.00144185574573022	0.0297077994359491
ENSMUSG00000032024	Clmp	27.9865136836321	45.6739361496437	46.0381841939538	78.008200448785	146.698814153454	96.9058173557216	73.5519109975318	1.24136907879922	0.389551551729715	3.18666187642484	0.00143924922876249	0.0297077994359491
ENSMUSG00000025321	Itgb8	34.7418790555433	102.037516930055	101.667656761648	118.53194094166	149.820065518422	161.509695592869	111.3847924667	1.11058585839848	0.352419575692332	3.15131716567311	0.00162535887481367	0.032900975865634
ENSMUSG00000010797	Wnt2	1.93010439197463	41.7867926475463	23.9782209343509	4.05237404928753	158.143402491667	122.955768257797	58.8077771287707	1.78010553195318	0.565123874460981	3.14993864601997	0.00163304753654216	0.0330056772524246
ENSMUSG00000030283	St8sia1	1.93010439197463	1.94357175104867	4.79564418687018	8.10474809857506	52.0208560827853	36.469931262906	17.5441426290266	3.00009682773087	0.95327612631421	3.14714356618851	0.00164873986481393	0.0332204620687623
ENSMUSG00000046743	Fat4	9.65052195987314	36.9278632699247	29.7329939585951	18.2356832217939	321.488890591613	323.019391185739	123.175890697923	2.44144738108812	0.776019771330141	3.14611492037547	0.00165454980173601	0.0332863953211215
ENSMUSG00000024043	Arhgap28	355.139208123331	457.711147371961	418.18017309508	495.402727525401	1458.6648045613	1160.78581219649	724.313978812261	1.02416154523846	0.32607623653025	3.14086532688332	0.00168449472159582	0.0336500351723306
ENSMUSG00000047751	Utf1	1065.41762436999	313.88683779436	254.16914190412	657.497689496902	88.4354553407349	77.1078546701441	409.419100596042	-1.33537047765133	0.425188712188454	-3.14065364242187	0.00168571261222544	0.0336500351723306
ENSMUSG00000071042	Rasgrp3	36.6719834475179	201.159676233537	134.278037232365	66.8641718132443	1103.8825660767	903.412297283985	407.711455347892	1.82643998905031	0.581786568218685	3.13936431128431	0.00169314806844082	0.0336500351723306
ENSMUSG00000036915	Kirrel2	124.491733282363	36.9278632699247	51.792957218198	57.7463302023473	18.7275081898027	9.37798232474725	49.8440624145639	-1.63714025186671	0.521961303270063	-3.13651652260447	0.00170967803149727	0.03383985366122
ENSMUSG00000010760	Phlda2	64.65849713115	82.6017994195683	78.648564664671	74.9689199118193	327.731393321547	249.037530623844	146.274450845433	1.07916347311774	0.345727792469009	3.12142528493562	0.00179977911321676	0.035340872197701
ENSMUSG00000042367	Gjb3	26.0564092916575	78.714655917471	56.5886014050682	58.7594237146692	129.011723085307	152.131713268122	83.5437544470492	1.17082752911343	0.375091701644378	3.12144343364729	0.00179966818455894	0.035340872197701
ENSMUSG00000032289	Thsd4	51.1477663873276	22.3510751370597	18.2234479101067	69.9034523502099	104.041712165571	103.15780557222	61.4708765870824	1.55557810451661	0.507864334985224	3.06297961356523	0.00219144988722138	0.0414196659519925
ENSMUSG00000035486	Plk5	86.8546976388582	45.6739361496437	46.9973130313278	39.5106469805534	14.5658397031799	9.37798232474725	40.496735971385	-1.70352337963656	0.557113920530082	-3.05776487870865	0.00222994466182861	0.0419658308883873
ENSMUSG00000021095	Gsc	2.89515658796194	372.19399032582	261.842172603112	3.03928053696565	101.960877922259	117.745778077382	143.279542675583	-1.27350400979066	0.416841424327655	-3.05512824653827	0.0022496430331302	0.0421550966650983
ENSMUSG00000031285	Dcx	78.1692278749724	66.0814395356547	86.3215953636633	43.563021029841	8.32333697324564	15.6299705412454	49.6814318864371	-1.59042799982258	0.522230891278761	-3.04544986974665	0.00232332505762687	0.0432913862359586
ENSMUSG00000032323	Cyp11a1	4.82526097993657	9.71785875524333	4.79564418687018	14.1833091725064	49.9400218394739	51.0579037680684	22.4199997836831	2.36190444566148	0.777140743503735	3.03922354529097	0.00237188782454936	0.0439435771110366
ENSMUSG00000053025	Sv2b	0.965052195987314	0	2.87738651212211	8.10474809857506	53.061273204441	20.8399607216606	14.308070122131	3.59790179814348	1.1905890706451	3.02195097103823	0.00251151223549118	0.045882320324426
ENSMUSG00000025491	Ifitm1	338.733320791547	991.22159303482	904.458493643717	479.193231328251	3507.24611710138	2858.20061297575	1513.17556147924	1.14632877788154	0.379701556162653	3.0190257566142	0.00253588971243572	0.0462632341557989
ENSMUSG00000004110	Cacna1e	5.79031317592388	4.85892937762167	5.75477302424422	31.4058988819784	34.3337650146383	27.0919489381587	18.2059380687609	2.38847618061806	0.793020027170331	3.01187372170242	0.00259640581752348	0.0469752484254559
ENSMUSG00000022449	Adamts20	40.5321922314672	45.6739361496437	51.792957218198	92.1915096212913	130.052140206963	102.115807536137	77.0597571606167	1.11651304703098	0.373377127665543	2.99030916545886	0.00278695211197392	0.0498044289547166
