gene_id	gene_short_name	48h_WT_rep1	48h_WT_rep2	48h_WT_rep3	54h_WT_rep1	54h_WT_rep2	54h_WT_rep3	baseMean	log2FoldChange	lfcSE	stat	pvalue	padj
ENSMUSG00000031665	Sall1	5606.03936673191	5509.51637129694	5899.52835459353	1687.31570361072	1876.85862318162	1999.30078468541	3763.09320068336	-1.65924101953007	0.0574488562213481	-28.8820549035315	2.00635020893224e-183	2.51796951220996e-179
ENSMUSG00000050917	Fgf4	2769.37396949969	2188.27077333149	2089.80852358138	446.305146903828	401.705769527576	441.940102959162	1389.56738096719	-2.44855365633646	0.0943993442220727	-25.9382485812219	2.467568276905e-148	1.54839909375789e-144
ENSMUSG00000005892	Trh	915.542523797638	1007.93078044359	985.654258604889	5665.25288253614	5905.07481205537	5195.56462727161	3279.16998078487	2.55265380266768	0.104463809667033	24.4357716878599	7.12960642648961e-132	2.98255202174815e-128
ENSMUSG00000021765	Fst	308.971907617008	263.350335491841	287.943940716035	1641.4503525455	1697.20687625401	1642.92994995297	973.642227096228	2.47671982934558	0.103983157252712	23.8184711330351	2.14973668422385e-125	6.74479884675234e-122
ENSMUSG00000037171	Nodal	667.227677798693	447.127188317083	437.453294549361	2711.34786873986	2248.43645999463	2278.15592937719	1464.95806979613	2.20455623917078	0.0929326777610067	23.7220780922745	2.13419662583079e-124	5.35683353083528e-121
ENSMUSG00000060548	Tnfrsf19	75.8213270225787	99.4668533332493	93.0280423851806	961.408320405479	907.185529516443	929.181583214822	511.015275979626	3.46987901594929	0.163590874490034	21.2107125581793	7.60523970395173e-100	1.59076263807657e-96
ENSMUSG00000012396	Nanog	743.049004821271	807.102467046937	808.457987395022	2343.54303423611	2808.59283861364	2553.99098224919	1677.4560523937	1.69724721883284	0.0802307847748029	21.1545633461867	2.50497765676928e-99	4.49106708463636e-96
ENSMUSG00000032515	Csrnp1	1446.29181295569	1632.20369803037	1523.88793240486	397.793717892542	419.559359284358	370.464596558022	965.033519520974	-1.91246143461192	0.0991639103585158	-19.2858614358553	7.06040706208132e-83	1.10760135786401e-79
ENSMUSG00000027070	Lrp2	4502.83905855339	4348.12244571061	4360.13574845781	2194.48064327416	1919.26089885398	1910.71142463893	3205.92503658148	-1.12203946482781	0.059075182495469	-18.9934151267984	1.93336420882496e-80	2.42637208207532e-77
ENSMUSG00000000142	Axin2	223.672914716607	223.563594158541	256.934593254308	1198.67330956977	1058.94104244908	1164.74874515661	687.755699884153	2.25211596266647	0.126148808387977	17.8528516554827	2.74647318673346e-71	2.65140296103884e-68
ENSMUSG00000037016	Frem2	404.696332983014	487.861233015461	503.901896253061	1465.04515614083	1568.88419987715	1629.84288540065	1010.03861727836	1.74952155427881	0.0984425570204042	17.7720043772957	1.16454388066986e-70	1.04393040731477e-67
ENSMUSG00000036030	Prtg	1637.7406636877	1789.45605663341	1837.30383710732	4124.3534919413	3821.78405731097	3872.76441021389	2847.23375281577	1.18230956566677	0.0683773530469365	17.2909525300752	5.50352925233997e-67	3.63522590088772e-64
ENSMUSG00000090125	Pou3f1	3702.92405846519	3647.11795555248	2992.40203005664	1773.75424984901	1231.8976932179	1298.63948249959	2441.12257827347	-1.16207878812463	0.0674176796235595	-17.2370036259529	1.40113341392306e-66	8.79211217236717e-64
ENSMUSG00000032280	Tle3	1480.41141011585	1360.32763225282	1444.14961036042	3295.24906883933	2982.66533874226	3063.37980251647	2271.03047713786	1.10538435396946	0.0655686307329988	16.8584327842789	9.09693456491323e-64	5.18938767225732e-61
ENSMUSG00000067261	Foxd3	805.601599614899	938.777634792858	696.602841193793	151.708468908021	150.639663572841	133.890737342981	479.536824237565	-2.34342604827507	0.140068183160958	-16.7306093032002	7.84318159573665e-63	4.27964908810848e-60
ENSMUSG00000003153	Slc2a3	1423.54541484892	1574.41819276058	1527.21036249005	3396.68205677202	3273.90202164975	3120.76154709204	2386.08659926889	1.14877967550776	0.0689364366373313	16.6643321231034	2.38133694600598e-62	1.24524077801563e-59
ENSMUSG00000021209	Ppp4r4	90.9855924270945	107.992583618956	111.855146201229	859.093306490768	659.466971641105	795.290845871841	437.447407708499	2.9439472327402	0.176997284026565	16.6327254620379	4.03800794324436e-62	1.94911537260449e-59
ENSMUSG00000051375	Pcdh1	3251.78716268084	3395.13526044158	3499.62635639489	1467.6912340869	1755.23104296355	1746.61976909828	2519.34847094434	-1.06245718313069	0.063947662690033	-16.614480317766	5.47472070364006e-62	2.54473129002529e-59
ENSMUSG00000054667	Irs4	1118.36457358304	1070.45280253878	1031.06080310242	231.972833272148	277.846490589907	288.922117424327	669.769936751769	-2.03446343490804	0.124329219497158	-16.3635181105158	3.48405560763438e-60	1.56160349556469e-57
ENSMUSG00000034573	Ptpn13	2952.29292094166	3413.13402437807	3454.21981189736	1506.50037729593	1683.81668393642	1668.09738178436	2446.3435333723	-1.01253255074535	0.0621981834328104	-16.2791338084517	1.38819968363173e-59	6.00755380330285e-57
ENSMUSG00000037169	Mycn	3358.88478710024	3138.41604850529	2821.85061901714	1689.96178155679	1410.43359078571	1346.96095161585	2294.41796309684	-1.01495915685505	0.0642091795503712	-15.8070725083604	2.78092285858128e-56	1.12582522178049e-53
ENSMUSG00000028532	Cachd1	846.355562889535	916.042354030973	897.056122999955	2070.11497980886	2012.99224507708	2050.64234562144	1465.53393507131	1.22877185042483	0.079443709498827	15.4672013451609	5.77643093913806e-54	2.26544400894321e-51
ENSMUSG00000023067	Cdkn1a	747.787837760183	744.580444951752	701.032747974039	2095.69373328754	1595.66458451232	1743.59967727852	1271.39317096073	1.35778566139271	0.0918072648869935	14.7895230629518	1.71162331375473e-49	6.50935532958237e-47
ENSMUSG00000031955	Bcar1	1884.15997651108	1962.81257244279	1989.02814433077	915.542969340264	955.167051987793	947.302134133421	1442.33547479102	-1.05438764548083	0.0769191794739247	-13.707733918798	9.12638756934334e-43	2.79356497549412e-40
ENSMUSG00000076431	Sox4	1861.41357840431	2337.9447050139	2193.91133291718	832.632527030066	1118.08105851842	1002.67048416247	1557.77561434106	-1.09665868546869	0.0800724078213596	-13.6958374964235	1.07513508474803e-42	3.21260602704469e-40
ENSMUSG00000009628	Tex15	247.367079411163	210.301347047441	200.453281806163	837.042656940183	736.460577467224	756.029652214877	497.942432481175	1.83168369640027	0.134515508832216	13.6168960166888	3.17789903948212e-42	9.27503091755829e-40
ENSMUSG00000012282	Wnt8a	37.9106635112894	30.3137076825141	31.0093474617269	1324.80302499911	535.607692703435	652.339833069561	435.330711571273	4.66911608812123	0.348554176637802	13.3956681660226	6.40965908040051e-41	1.74872220563101e-38
ENSMUSG00000021464	Ror2	136.478388640642	172.409212444299	152.831783918511	769.126656324383	579.125817735589	592.944693947487	400.486092168485	2.18962293610088	0.166665827356	13.1378037767983	1.99946033132241e-39	5.33898450172261e-37
ENSMUSG00000023942	Slc29a1	749.683370935747	512.491120507504	539.341150495035	1712.01243110737	1228.5501451385	1217.09700336589	993.195870258343	1.1857764999082	0.0927346790027694	12.7867644840048	1.94400085963437e-37	4.78376682125713e-35
ENSMUSG00000001507	Itga3	1028.32674774372	796.682130031073	825.070137820947	403.967899766706	277.846490589907	263.75468559294	599.274681924216	-1.49214207478034	0.122089371731865	-12.2217196600652	2.37996353533317e-34	4.97809039473855e-32
ENSMUSG00000032946	Rasgrp2	1467.1426778869	1569.68167593518	1543.82251291597	711.794967492864	742.039824266218	749.989468575344	1130.74518784541	-1.04669158942984	0.0857636044196416	-12.2043796609617	2.94544762485887e-34	6.05989634294735e-32
ENSMUSG00000032420	Nt5e	13.2687322289513	3.78921346031426	7.75233686543171	474.529978328576	153.987211652238	193.285876465055	141.102224833428	4.90342715934531	0.40576636248478	12.0843608852107	1.27759731429587e-33	2.46674558375587e-31
ENSMUSG00000031523	Dlc1	1156.27523709433	863.940668951651	815.102847565392	457.771484670132	323.596314341659	320.129732895248	656.136047586401	-1.33892873040577	0.111341061925671	-12.0254711716295	2.6109440673477e-33	4.89064896197218e-31
ENSMUSG00000059246	Foxb1	9.47766587782234	15.156853841257	15.5046737308634	246.967274966545	258.877051473327	279.861841965028	137.640893642474	4.37572600417878	0.368796920276165	11.8648659020854	1.80190962774497e-32	3.32558321002932e-30
ENSMUSG00000048528	Nkx1-2	18.9553317556447	25.5771908571213	21.0420572061718	392.501562000402	223.169871959765	222.480097389464	150.621018528095	3.88136920015884	0.328112102108046	11.8293996936472	2.75102158890462e-32	5.0036697015584e-30
ENSMUSG00000024030	Abcg1	1182.81270155223	1031.61336457056	1002.26640903081	441.895016993711	460.845785596914	415.76597385452	755.866541933124	-1.2929218954672	0.110015281573115	-11.7522027574682	6.88016289076409e-32	1.21614146871957e-29
ENSMUSG00000016458	Wt1	839.721196775059	553.225165205882	625.724332709845	292.832626031761	185.230993726605	206.372941017377	450.517875911088	-1.6050993707813	0.136884315194733	-11.7259553696702	9.38363350894557e-32	1.63561945190648e-29
ENSMUSG00000073600	Prob1	643.533513104137	712.372130539081	728.719665350581	231.090807290124	246.60270851554	251.674318313874	468.998857185556	-1.51830824834338	0.13182721180583	-11.5174115233485	1.07800905161284e-30	1.78013336812383e-28
ENSMUSG00000051367	Six1	730.728039180102	426.286514285354	428.593480988868	195.809768009189	128.322676376865	137.917526436003	341.27633421273	-1.78346050083434	0.157867397492211	-11.2972059409691	1.35459483193708e-29	2.12502064260129e-27
ENSMUSG00000000730	Dnmt3l	1067.1851778428	719.95055745971	707.677608144409	404.849925748729	267.803846351718	297.982392883627	577.574918071831	-1.35616344955639	0.120511863270853	-11.2533605634192	2.22933018916355e-29	3.4540856634571e-27
ENSMUSG00000048562	Sp8	40.7539632746361	26.5244942221998	32.1168241567885	293.714652013784	264.456298272321	273.821658325495	155.231315044204	2.95913101036373	0.265210973531768	11.1576492139729	6.57060390377277e-29	1.00562291454083e-26
ENSMUSG00000062444	Ap3b2	138.373921816206	66.3112355554996	74.2009385691321	680.924058122046	293.468381627091	301.002484703393	259.046836732228	2.15501720570589	0.193596543420827	11.1314859636799	8.81535525806552e-29	1.31705605343717e-26
ENSMUSG00000011256	Adam19	1169.54396932328	871.51909587228	867.15425223329	483.35023814881	367.114439373813	403.685606575454	693.727933587821	-1.21599413932193	0.110448487204698	-11.0096042969633	3.43509099775974e-28	5.07181082610409e-26
ENSMUSG00000068876	Cgn	1248.2085961092	1354.64381206235	1408.71035611845	561.85055054889	733.113029387827	728.848825836979	1005.89586167728	-1.03319332793722	0.0942804191290778	-10.9587265042033	6.03425050815389e-28	8.70457975601509e-26
ENSMUSG00000038793	Lefty1	742.101238233489	245.351571555348	246.967302998753	2493.48745118008	937.313462231012	1136.56122150545	966.96370795069	1.92001369055513	0.175243015392539	10.9562922451109	6.19872528676789e-28	8.84022753965194e-26
ENSMUSG00000027313	Chac1	412.278465685272	137.358987936392	194.915898330855	1044.31876271568	672.857163958691	602.004969406786	510.622374672279	1.52794054287502	0.140092786197266	10.9066325565366	1.07152341998171e-27	1.5109684180641e-25
ENSMUSG00000069793	Slfn9	948.714354370016	454.705615237711	545.986010665405	303.416937816041	160.682307811031	214.42651920342	437.988624183937	-1.58635628943382	0.147218526620415	-10.7755207571398	4.49232784522366e-27	5.99773558059116e-25
ENSMUSG00000031012	Cask	281.486676571323	309.768200380691	323.383194958009	716.205097402981	782.210401218975	805.357818604396	536.401898189396	1.31842939262857	0.125141743724693	10.5354884260608	5.92747673506367e-26	7.74894094010928e-24
ENSMUSG00000050473	Slc35d3	589.510817600549	485.019322920225	545.986010665405	198.455845955259	196.389487324593	169.125141906923	364.081104395493	-1.57654652994111	0.15103613359926	-10.4382076816407	1.65913587635878e-25	2.10324800487906e-23
ENSMUSG00000030956	Fam53b	299.494241739186	340.081908063205	300.126184361713	797.351487749131	731.997180028028	699.654604912569	528.117601142305	1.32531832536722	0.127950815087808	10.3580295636077	3.84807453920757e-25	4.78151836307475e-23
ENSMUSG00000070436	Serpinh1	495.681925410108	563.645502221746	541.556103885158	1184.56089385739	1035.50820589331	1085.21966056942	817.695381972856	1.09634117841769	0.108250674563118	10.1277999683822	4.15901542185519e-24	4.87809752750305e-22
ENSMUSG00000020961	Ston2	1235.88763046803	1264.64999237988	1282.45801288142	558.322446620797	660.582821000904	712.741669464891	952.440428802654	-1.00547981181118	0.0995965013682348	-10.0955334574821	5.78158591582332e-24	6.7184169669984e-22
ENSMUSG00000026185	Igfbp5	421.756131563094	302.189773460062	408.658900477757	135.8320012316	104.889839821089	92.6161491395056	244.323799282185	-1.86888801961727	0.190829642370771	-9.79348908481485	1.20079188108991e-22	1.24544943038664e-20
ENSMUSG00000039936	Pik3cd	595.197417127243	526.700670983682	603.574798808612	215.214339613704	251.066105954735	219.460005569698	401.868889676279	-1.4064916040474	0.143687337357436	-9.78855638857462	1.26083118984908e-22	1.29700257644311e-20
ENSMUSG00000062184	Hs6st2	168.702452625238	159.146965333199	167.228980954313	614.772109470293	430.717852882346	553.683500290522	349.041976925985	1.69722238544986	0.173835074032641	9.76340588856756	1.61633857943361e-22	1.6491909895847e-20
ENSMUSG00000032715	Trib3	523.167156455793	273.770672507705	280.191603850603	1173.09455609109	629.339038926536	752.002863121855	605.260981825597	1.23662592144068	0.127223544924682	9.72010269146941	2.47531729457824e-22	2.44608126353991e-20
ENSMUSG00000048988	Elfn1	339.30043842604	294.611346539434	313.415904702454	80.2643643641272	75.87775646632	87.5826627732281	198.508745545267	-1.99794121522815	0.206107059995417	-9.6937058598215	3.2067713364416e-22	3.11976591258465e-20
ENSMUSG00000024140	Epas1	349.725870891644	159.146965333199	171.658887734559	49.393454993309	36.8230288733612	30.2009181976649	132.82485433729	-2.57455440311528	0.266791408114934	-9.65006490016407	4.91246299893955e-22	4.70621455241919e-20
ENSMUSG00000032376	Usp3	163.015853098544	171.46190907922	145.079447053079	710.912941510841	383.852179770795	397.645422935921	328.6612922414	1.74857763954438	0.184443255291356	9.48030133594335	2.53549806932172e-21	2.27939018586372e-19
ENSMUSG00000030674	Qprt	740.205705057925	647.955501713739	613.542089064167	273.428054427246	284.5415867487	264.761382866195	470.739053312995	-1.28105454443737	0.135430696876578	-9.45911506019076	3.10560297077021e-21	2.76420689951533e-19
ENSMUSG00000040093	Bmf	568.65995266934	611.010670475674	564.813114481453	174.641144440628	251.066105954735	220.466702842953	398.442948477464	-1.44832855369142	0.154562101391822	-9.37052835494152	7.2170337715054e-21	6.28984540502728e-19
ENSMUSG00000045333	Zfp423	273.904543869066	282.296402793412	270.224313595048	811.463903461505	571.314872216998	616.098731232363	470.883794528065	1.32953478473812	0.144849942777802	9.1787042455212	4.36309729667211e-20	3.53270135956355e-18
ENSMUSG00000024924	Vldlr	197.135450258705	102.308763428485	122.929913151846	532.743693142119	387.199727850192	415.76597385452	293.013920280978	1.57590326335705	0.173139153300908	9.10194622829304	8.87273642724768e-20	6.9595526351224e-18
ENSMUSG00000025586	Cpeb1	145.956054518464	125.991347555449	120.714959761722	471.883900382506	350.376698976831	369.457899284767	264.063476746623	1.63101468329772	0.180080622137249	9.05713598687281	1.33920591585487e-19	1.03747124962831e-17
ENSMUSG00000054863	Tafa5	160.172553335198	258.613818666448	235.892536048136	450.715276813945	562.388077338607	589.92460212772	376.284477388342	1.37521685933527	0.151886154590423	9.05426082478478	1.37495860753644e-19	1.05863377451426e-17
ENSMUSG00000022602	Arc	463.457861425512	440.496064761533	378.757029711092	123.483637483273	152.871362292439	125.837159156937	280.817185805131	-1.64476269604718	0.183368133295711	-8.96973027147925	2.97241428694023e-19	2.27462190860365e-17
ENSMUSG00000019989	Enpp3	885.213992988606	747.422355046988	804.028080614775	462.181614580249	369.346138093411	365.431110191745	605.603881919296	-1.04544258316376	0.117087904764199	-8.92869835931518	4.31050440729133e-19	3.25884519948833e-17
ENSMUSG00000068551	Zfp467	455.875728723254	404.498536888547	358.822449199982	128.775793375413	137.249471255255	137.917526436003	270.523250979742	-1.57443591700484	0.18058901152877	-8.71833731009715	2.82316834293716e-18	2.07197442712639e-16
ENSMUSG00000068735	Trp53i11	717.459306951151	850.678421840552	888.196309439462	348.400262899233	468.656731115506	393.618633842899	611.168277681467	-1.04352630623098	0.12078647336245	-8.63943020423835	5.6494065122467e-18	4.07471561659173e-16
ENSMUSG00000062327	T	7.58213270225787	8.52573028570709	11.0747669506167	164.056832656348	122.743429577871	132.884040069725	74.4778220404209	3.94590593193467	0.457445482073964	8.62595890999893	6.355783881201e-18	4.55800501194701e-16
ENSMUSG00000015944	Castor2	590.458584188332	711.424827174002	675.560783987621	199.337871937283	328.059711780854	328.183311081291	472.170848358231	-1.26026694591585	0.146266759924336	-8.61622248669338	6.91992325747576e-18	4.93437709552959e-16
ENSMUSG00000019947	Arid5b	390.47983416628	338.187301333048	310.093474617269	131.421871321483	87.0362500643082	101.676424598805	226.482526016865	-1.6502883534859	0.19163880410402	-8.61145195098453	7.21409757860176e-18	5.11508048652271e-16
ENSMUSG00000018973	Hoxb1	5.6865995266934	3.78921346031426	2.21495339012335	369.568886467794	37.93887823316	45.3013772964973	77.4166513957638	5.58662527339464	0.657200510087952	8.50064050109608	1.88547442390548e-17	1.31459466777855e-15
ENSMUSG00000000805	Car4	760.108803401352	812.786287237409	805.135557309836	388.973458072309	412.864263125565	357.377532005701	589.540983525362	-1.02294369015647	0.120976702829238	-8.45570813415524	2.77398676907195e-17	1.9128315358161e-15
ENSMUSG00000031169	Porcn	27.4852310456848	21.787977396807	16.6121504259251	254.905508804755	98.1947436622965	138.924223709258	92.9849725074545	3.03714143375973	0.362097628733137	8.38763138103308	4.96034693750704e-17	3.36499211166018e-15
ENSMUSG00000030681	Mvp	660.593311684217	377.026739301269	410.873853867881	261.961716660942	189.6943911658	170.131839180179	345.046975310048	-1.25733204086133	0.15313423922652	-8.21065260918853	2.19989505090827e-16	1.4454807795235e-14
ENSMUSG00000036913	Trim67	26.5374644579025	7.57842692062852	8.85981356049339	175.523170422652	137.249471255255	138.924223709258	82.4454283876983	3.25440148384574	0.397814510283948	8.18070080330366	2.82197801081061e-16	1.82555793998315e-14
ENSMUSG00000044681	Cnpy1	211.351949075438	181.882246095084	203.775711891348	596.249563847802	424.022756723553	523.482582092858	356.794134954347	1.34348282835057	0.164789189622103	8.15273642301087	3.55780486576591e-16	2.28976672130063e-14
ENSMUSG00000081683	Fzd10	138.373921816206	81.4680893967566	88.5981356049339	365.158756557677	342.565753458239	318.116338348737	222.380165863758	1.65956800343031	0.204404242611938	8.11904871554451	4.69851904309747e-16	2.97810171671077e-14
ENSMUSG00000028023	Pitx2	204.717582960963	72.9423591110495	90.8130889950572	499.226705825231	318.017067542665	352.344045639423	256.343475012398	1.58712114348238	0.196066880330987	8.09479469864111	5.73610120310143e-16	3.61749095974487e-14
ENSMUSG00000031073	Fgf15	716.511540363369	512.491120507504	551.523394140713	291.068574067714	267.803846351718	285.902025604561	437.55008350593	-1.12845534823365	0.139881596549584	-8.06721810494669	7.19180076035728e-16	4.49040296231263e-14
ENSMUSG00000021360	Gcnt2	672.914277325386	687.742243047038	606.897228893797	284.012366211527	324.712163701458	304.02257652316	480.050142617061	-1.07734645168845	0.134390165200857	-8.01655723897852	1.08750259789666e-15	6.69027333509958e-14
ENSMUSG00000061288	Taok3	223.672914716607	176.198425904613	160.584120783943	507.164939663441	410.632564405967	464.087442970783	323.723401407559	1.32216236196018	0.165599944940068	7.98407488866426	1.41580053613275e-15	8.66746181876392e-14
ENSMUSG00000037579	Kcnh3	264.426877991243	236.825841269641	230.355152572828	74.9722084719869	69.1826603075271	59.3951391220742	155.85964662255	-1.83265225980265	0.229806507659848	-7.97476224004624	1.52674444264053e-15	9.30128289084402e-14
ENSMUSG00000055003	Lrtm2	216.090782014349	186.618762920477	168.336457649374	32.6349613348649	45.7498237517518	42.2812854767308	115.285345524591	-2.26834668510309	0.287513401341705	-7.88953375570553	3.0331758385853e-15	1.78715290019932e-13
ENSMUSG00000050671	Ism2	4.73883293891117	3.78921346031426	8.85981356049339	162.292780692301	101.542291741693	96.6429382325276	62.9776451043734	4.20310689934933	0.534137445080169	7.86896132833093	3.57597681525469e-15	2.07770875145585e-13
ENSMUSG00000031647	Mfap3l	460.614561662166	552.277861840803	510.546756423431	185.225456224909	241.023461716546	241.607345581319	365.215907241529	-1.17923298896564	0.149888913071107	-7.8673796800849	3.62146284982287e-15	2.09444049609571e-13
ENSMUSG00000031303	Map3k15	262.531344815679	235.878537904563	291.26637080122	620.064265362433	562.388077338607	608.045153046319	430.02895821147	1.10989127148055	0.141499002574572	7.84380985933539	4.37078755768811e-15	2.5162102683021e-13
ENSMUSG00000030800	Prss8	549.704620913696	583.538872888396	589.17760177281	265.489820589036	283.425737388901	276.841750145261	424.69640061635	-1.0630775998015	0.135794705938553	-7.82856439397975	4.9347218382117e-15	2.81503450316168e-13
ENSMUSG00000039087	Rreb1	206.613116136527	165.778088888749	197.130851720978	448.069198867875	515.522404227056	480.194599342871	335.551376530676	1.23748547608316	0.158690997242755	7.79808242171505	6.28549536090691e-15	3.55328679186404e-13
ENSMUSG00000032446	Eomes	72.978027259232	108.939886984035	99.6729025555506	934.065514962755	555.692981179814	619.11882305213	398.411355998919	3.02870438706412	0.38910841021717	7.78370322392602	7.04318689939266e-15	3.94607123157937e-13
ENSMUSG00000045658	Pid1	226.516214479954	249.140785015663	238.10748943826	533.625719124142	479.815224713494	556.703592110289	380.651504146967	1.1733634727561	0.151837918487056	7.72773681599256	1.09475380975591e-14	6.07927447452952e-13
ENSMUSG00000029287	Tgfbr3	68.2391943203208	60.6274153650282	54.266358058022	222.270547469891	232.096666838155	238.587253761552	146.014572635495	1.92202904068959	0.249167306510337	7.71380911728824	1.22117076197653e-14	6.75140663559711e-13
ENSMUSG00000022652	Morc1	595.197417127243	269.981459047391	279.084127155542	231.090807290124	108.237387900486	117.783580970893	266.895796581946	-1.33231759199085	0.173141253892175	-7.69497483725377	1.4152202232606e-14	7.78991833417567e-13
ENSMUSG00000067924	Rtl8b	60.657061618063	48.3124716190068	66.4486017037004	250.495378894639	218.706474520569	228.520281028997	145.523378230829	1.88427218456355	0.246144685649553	7.65514063239322	1.93100808489923e-14	1.04457549420195e-12
ENSMUSG00000021953	Tdh	1325.92545630735	1256.12426209418	1378.80848535178	3115.31576850656	2441.47839923983	2579.15841408058	2016.13513093005	1.0223033065858	0.133613819710662	7.65117941242589	1.99144260551279e-14	1.06806002987972e-12
ENSMUSG00000010660	Plcd1	333.613838899346	306.926290285455	280.191603850603	116.427429627086	100.426442381894	103.689819145316	206.87923736495	-1.48387040998243	0.19576473669376	-7.57986568492	3.459128816099e-14	1.8088361100851e-12
ENSMUSG00000020598	Nrcam	114.67975712165	92.8357297776994	85.2757055197489	279.60223630141	315.785368823067	337.243586540591	204.237064014028	1.63341540319096	0.217713532022902	7.50259016062969	6.25689484433163e-14	3.14096121185448e-12
ENSMUSG00000051851	Rtl8c	4.73883293891117	7.57842692062852	4.42990678024669	110.253247752922	91.4996475035035	93.6228464127611	52.0204847181622	4.46541716823115	0.597311213868078	7.4758636110545	7.66984726285076e-14	3.81970568050703e-12
ENSMUSG00000000486	Septin1	586.667517837203	249.140785015663	275.761697070357	225.798651397984	118.280032138675	116.776883697637	262.070927859587	-1.30000249414218	0.174196712352741	-7.46284172981251	8.4676038280634e-14	4.20033312419746e-12
ENSMUSG00000020902	Ntn1	26.5374644579025	20.8406740317284	23.2570105962951	143.77023506981	141.712868694451	148.991196441813	84.1849082153334	2.54560098754576	0.341520059245488	7.4537378365701	9.0732206574078e-14	4.48302831694755e-12
ENSMUSG00000023043	Krt18	553.495687264825	473.651682539283	447.420584804916	200.219897919306	235.444214917552	212.41312465691	353.774198683798	-1.20309098676505	0.161574516869883	-7.44604415394233	9.61806274103107e-14	4.71510497656016e-12
ENSMUSG00000049420	Tmem200a	60.657061618063	87.151909587228	74.2009385691321	223.152573451914	235.444214917552	238.587253761552	153.19899198424	1.76552873519578	0.238312874790312	7.40844881649486	1.27785212097214e-13	6.16809389161553e-12
ENSMUSG00000059334	Zfp36l3	87.1945260759655	80.520786031678	91.9205656901189	343.108107007093	261.108750192925	230.533675575508	182.397735095548	1.67010503555426	0.22790318712784	7.32813374223429	2.33379761349343e-13	1.1052513226167e-11
ENSMUSG00000030930	Chst15	243.576013060034	112.729100444349	141.757016967894	499.226705825231	396.126522728582	401.672212028943	299.181261842506	1.27452516752868	0.174202474814068	7.31634363340143	2.54818633534921e-13	1.19774301530459e-11
ENSMUSG00000026603	Smyd2	333.613838899346	275.665279237862	266.901883509863	711.794967492864	528.912596544642	496.301755714959	435.531720233256	1.01123121649697	0.138256829836148	7.31415017757466	2.5901533960893e-13	1.21292631048212e-11
ENSMUSG00000045179	Sox3	568.65995266934	575.013142602689	493.934605997506	285.776418175574	225.401570679362	244.627437401085	398.902187920926	-1.03614884198158	0.141698887794556	-7.31232868590933	2.62551909455468e-13	1.22491690099112e-11
ENSMUSG00000064264	Zfp428	382.897701464022	259.561122031527	266.901883509863	870.559644257072	476.467676634098	500.328544807981	459.452762117427	1.01836753636571	0.139405698227293	7.30506392002226	2.77134964983336e-13	1.28816437427439e-11
ENSMUSG00000028591	Pramef12	675.757577088733	407.340446983783	440.775724634546	322.821509420555	210.895529001978	222.480097389464	380.01181408651	-1.04287194638724	0.143285366714308	-7.27828647336046	3.38086816228032e-13	1.56567879839919e-11
ENSMUSG00000071856	Mcc	39.8061966868538	29.3664043174355	44.2990678024669	273.428054427246	131.670224456261	191.272481918544	118.307071601468	2.28044624039234	0.314588000239044	7.24899309147047	4.19881301801677e-13	1.90924287594603e-11
ENSMUSG00000036885	Arhgef26	102.358791480481	143.042808126863	118.500006371599	376.625094323981	259.992900833126	321.136430168503	220.276005217426	1.55373809529961	0.214873697216538	7.23093666384788	4.79674035966082e-13	2.16543494653753e-11
ENSMUSG00000052013	Btla	26.5374644579025	26.5244942221998	28.7943940716035	153.472520872067	132.78607381606	141.944315529025	85.0098771614763	2.38209417350889	0.335139065570225	7.10777828736814	1.17925793722512e-12	5.15668540493913e-11
ENSMUSG00000024036	Slc37a1	305.180841265879	217.87977396807	209.313095366656	98.7869099866181	72.5302083869235	73.4889009476512	162.8632883203	-1.56796333561574	0.220710366275285	-7.10416715842005	1.21050273646609e-12	5.27493379953105e-11
ENSMUSG00000044626	Liph	432.181564028699	246.298874920427	228.140199182705	148.180364979927	91.4996475035035	95.6362409592721	206.989481929089	-1.40527976882889	0.198155583238012	-7.09180001827633	1.32378718427642e-12	5.70911655074539e-11
ENSMUSG00000053024	Cntn2	291.912109036928	296.505953269591	324.49067165307	105.843117842805	136.133621895456	131.87734279647	214.46046941572	-1.35493650147876	0.191996633839601	-7.05708467061305	1.70032028734561e-12	7.25816993407734e-11
ENSMUSG00000070509	Rgma	48.3360959768939	62.5220220951853	47.621497887652	209.04015773954	160.682307811031	167.111747360412	115.885638145119	1.93559267832596	0.278458121261277	6.95110873246822	3.62426384241826e-12	1.49129544991309e-10
ENSMUSG00000024565	Sall3	142.164988167335	130.727864380842	125.144866541969	299.006807905924	369.346138093411	370.464596558022	239.475876941251	1.34090532023192	0.193833625925672	6.91781580119699	4.58660112374518e-12	1.87497863527694e-10
ENSMUSG00000022040	Ephx2	127.000722762819	111.781797079271	114.070099591352	341.344055043046	264.456298272321	311.069457435948	211.620405030793	1.37741500102367	0.201034513159235	6.85163447498514	7.3010919328695e-12	2.96533021868972e-10
ENSMUSG00000066129	Kndc1	297.598708563621	228.300110983934	225.925245792581	87.3205722203142	93.7313462231012	86.5759654999726	169.908658213921	-1.51987884355741	0.222196006684457	-6.84026174113834	7.90486167656919e-12	3.20019400132075e-10
ENSMUSG00000022015	Tnfsf11	136.478388640642	136.411684571313	122.929913151846	27.3428054427246	24.5486859155741	30.2009181976649	79.6520659866274	-2.22995325697749	0.329264774350053	-6.77252299879109	1.26555678252917e-11	4.96335550648158e-10
ENSMUSG00000034227	Foxj1	217.038548602132	183.776852825242	178.303747904929	47.6294030292623	65.8351122281306	60.4018363953297	125.497583497504	-1.7917258891767	0.266280147666967	-6.72872500963756	1.71156167601493e-11	6.60926124122688e-10
ENSMUSG00000026872	Zeb2	59.7092950302807	78.6261793015209	94.1355190802422	193.163690063119	289.004984187895	234.56046466853	158.200022055265	1.56663786233408	0.238329194841761	6.5734198589235	4.91725451111221e-11	1.8312030894498e-09
ENSMUSG00000050315	Synpo2	254.949212113421	218.827077333149	211.52804875678	80.2643643641272	78.1094551859176	85.5692682267171	154.874570996685	-1.49856545344889	0.228775578350532	-6.55037335826455	5.7393410395738e-11	2.11849206019562e-09
ENSMUSG00000066652	Lefty2	401.853033219667	123.149437460213	127.359819932092	712.676993474887	350.376698976831	340.263678360357	342.613276904008	1.13061409962464	0.17285310345197	6.54089557575578	6.1151520457497e-11	2.25059114880231e-09
ENSMUSG00000030170	Wnt5b	43.5972630379828	37.8921346031426	32.1168241567885	167.584936584441	132.78607381606	137.917526436003	91.982459772403	2.01122896891826	0.310366062046974	6.48018328954363	9.1611260626184e-11	3.31331792754642e-09
ENSMUSG00000028680	Plk3	370.576735822853	271.876065777548	287.943940716035	158.764676764208	98.1947436622965	132.884040069725	220.040033802111	-1.27314918489842	0.19758246222972	-6.44363457429833	1.1664574516857e-10	4.18258314818729e-09
ENSMUSG00000025491	Ifitm1	464.405628013295	434.812244571061	389.831796661709	241.675119074405	189.6943911658	186.238995552267	317.776362506423	-1.00359847546456	0.156965498810632	-6.39375202238123	1.61863859001583e-10	5.64275397352739e-09
ENSMUSG00000084989	Crocc2	249.262612586728	138.306291301471	179.411224599991	70.56207856187	62.4875641487341	71.4755064011402	128.584212933322	-1.59620807810447	0.251727633319669	-6.34101253427926	2.28259966988931e-10	7.82694695549477e-09
ENSMUSG00000037235	Mxd4	213.247482251003	230.194717714091	259.149546644432	70.56207856187	116.048333419078	89.5960573197391	163.133035985035	-1.4435905431166	0.227986390893801	-6.33191541590327	2.42136225078192e-10	8.25763484981333e-09
ENSMUSG00000000125	Wnt3	30.3285308090315	35.9975278729855	46.5140211925903	124.365663465296	174.072500128616	158.051471901113	94.8882858949387	1.9203120500724	0.305854251052329	6.27852005805162	3.41810937789562e-10	1.12591266909685e-08
ENSMUSG00000038437	Mllt6	1661.43482838226	1402.95628368135	1567.07952351227	4362.50050708762	2808.59283861364	3266.73265171408	2511.54943883187	1.14144147771826	0.183096874824024	6.23408498269186	4.54426353602755e-10	1.47747428438201e-08
ENSMUSG00000022197	Pdzd2	99.5154917171346	58.732808634871	79.7383220444405	14.112415712374	15.6218910371835	11.0736700058104	46.4657665253023	-2.68560800179507	0.437997933885203	-6.13155404175709	8.70247630209171e-10	2.71681785052863e-08
ENSMUSG00000039033	Tasp1	173.441285564149	141.148201396706	145.079447053079	413.670185568963	352.608397696428	272.814961052239	249.793746388594	1.17385749931017	0.191613700969225	6.12616683135148	9.00214165634126e-10	2.8033964711435e-08
ENSMUSG00000027173	Depdc7	427.442731089788	328.714267682262	387.616843271586	201.10192390133	168.493253329622	214.42651920342	287.965923079668	-1.04667744616806	0.17136718836834	-6.10780544475241	1.01010376258771e-09	3.13007462233968e-08
ENSMUSG00000029648	Flt1	52.1271623280229	44.5232581586926	53.1588813629603	184.343430242885	172.956650768818	152.01128826158	109.85344518716	1.70709246662867	0.279623841670724	6.10496035112372	1.02826204253337e-09	3.17068516800832e-08
ENSMUSG00000021662	Arhgef28	304.233074678097	347.660334983833	321.168241567885	122.601611501249	162.914006530628	160.064866447624	236.440355951553	-1.1270029152881	0.185595789872526	-6.07235172770981	1.26050467190633e-09	3.84898628526142e-08
ENSMUSG00000039201	Tbc1d25	102.358791480481	136.411684571313	100.780379250612	256.669560768802	227.63326939896	252.681015587129	179.422450176216	1.28639813239408	0.214906818259016	5.98584141171198	2.15274045783961e-09	6.35691594020873e-08
ENSMUSG00000042388	Dlgap3	201.874283197616	211.24865041252	177.196271209868	469.237822436436	315.785368823067	339.256981087102	285.766562861101	1.03740457059148	0.173450339266996	5.98098899647914	2.21786858011356e-09	6.53386166207164e-08
ENSMUSG00000030825	Hsd17b14	387.636534402934	240.615054729956	276.869173765418	188.753560153002	124.975128297468	125.837159156937	224.114435084286	-1.09528798665088	0.185045790235424	-5.91901056088552	3.2388417025425e-09	9.25910327264427e-08
ENSMUSG00000038976	Ppp1r9b	350.673637479427	331.556177777498	315.630858092577	154.354546854091	162.914006530628	166.105050087157	246.872379470229	-1.04580696064492	0.179198801502158	-5.83601537442384	5.34639647299253e-09	1.4811760648136e-07
ENSMUSG00000033542	Arhgef5	170.597985800802	220.721684063306	217.065432232088	418.962341461103	353.724247056227	425.832946587075	301.150772866767	1.04066229760485	0.178694171366935	5.8237058861194	5.75568306563707e-09	1.57030048855968e-07
ENSMUSG00000048490	Nrip1	198.083216846487	156.305055237963	158.369167393819	437.484887083594	290.120833547694	319.123035621992	259.914365955258	1.03622384775765	0.178112847321238	5.81779396232296	5.96293369315024e-09	1.62331492080337e-07
ENSMUSG00000074923	Pak6	126.052956175037	179.040335999849	153.939260613573	35.281039280935	55.7924679899412	54.3616527557967	100.744618802522	-1.62673218408902	0.286065599307602	-5.68657045106574	1.29615928857048e-08	3.38891647324156e-07
ENSMUSG00000073910	Mob3b	240.732713296687	233.036627809327	250.289733083938	87.3205722203142	120.511730858273	121.810370063915	175.616957888742	-1.22203111375214	0.21563831874384	-5.6670406302129	1.4528490148866e-08	3.78283301593918e-07
ENSMUSG00000031775	Pllp	61.6048282058452	41.6813480634569	49.8364512777753	178.169248368722	156.218910371835	149.997893715069	106.251446667117	1.57831631847048	0.278556177641648	5.66606108625215	1.461174515425e-08	3.79663357527615e-07
ENSMUSG00000050447	Lypd6	361.099069945031	274.717975872784	324.49067165307	180.815326314792	174.072500128616	143.957710075536	243.192208998305	-1.01662205505869	0.181422256750961	-5.60362368578744	2.09916197423079e-08	5.31138765657185e-07
ENSMUSG00000057378	Ryr3	128.896255938384	66.3112355554996	77.5233686543171	21.168623568561	23.4328365557753	18.1205509185989	55.9088118651893	-2.21362706896822	0.395654047987699	-5.59485510189205	2.20806099656818e-08	5.56449106564873e-07
ENSMUSG00000030222	Rerg	18.0075651678624	25.5771908571213	25.4719639864185	91.730702130431	99.3105930220953	107.716608238338	61.3024372337111	2.16447434112898	0.387917000104013	5.57973571807531	2.4088430099729e-08	6.01013514416698e-07
ENSMUSG00000027347	Rasgrp1	21.7986315189914	33.1556177777498	24.3644872913568	118.191481591132	89.2679487839059	91.6094518662501	63.064603138231	2.14200195669495	0.384911841431709	5.56491571869445	2.62279143914655e-08	6.50514477495833e-07
ENSMUSG00000038910	Plcl2	111.836457358304	104.203370158642	101.887855945674	247.849300948568	234.328365557753	242.614042854574	173.786565470586	1.19115323678322	0.214486963864167	5.55349945434246	2.80006539744059e-08	6.89035700742734e-07
ENSMUSG00000042284	Itga1	42.6494964502005	59.6801119999496	66.4486017037004	142.006183105763	208.66383028238	156.038077354602	112.581050149433	1.57317069421513	0.285353325542504	5.51306241560097	3.52643100855032e-08	8.4459368620814e-07
ENSMUSG00000016529	Il10	156.381486984069	126.938650920528	131.789726712339	53.8035849034259	40.1705769527576	43.2879827499863	92.0620015371842	-1.60548442902043	0.292580882796472	-5.48731828845173	4.08081446405268e-08	9.68132732020058e-07
ENSMUSG00000031168	Ebp	95.7244253660056	77.6788759364423	78.6308453493788	209.922183721563	214.243077081374	205.366243744121	146.927608533148	1.28531732203184	0.236189643048857	5.44188688987504	5.27191475378616e-08	1.23207691173215e-06
ENSMUSG00000028487	Bnc2	270.113477517937	156.305055237963	151.724307223449	102.315013914712	47.9815224713494	70.4688091278847	133.151364248882	-1.37419680899006	0.252855059136494	-5.43472143164934	5.48821045574563e-08	1.27550076332607e-06
ENSMUSG00000055322	Tns1	272.956777281283	240.615054729956	229.247675877766	85.5565202562674	126.090977657267	118.790278244148	178.876214007781	-1.23464154493156	0.228782001856605	-5.3965851112073	6.79211996899845e-08	1.5498382838351e-06
ENSMUSG00000090071	Cdk5r2	162.068086510762	125.044044190371	98.5654258604889	29.9888833887948	25.6645352753729	44.2946800232418	80.9376092081718	-1.90036545938673	0.353295665813361	-5.37896624067464	7.49147535596763e-08	1.70014494968162e-06
ENSMUSG00000043251	Exoc3l	351.621404067209	197.039099936342	209.313095366656	144.652261051834	111.584935979882	108.723305511593	187.155683652253	-1.0880549360424	0.206869962880438	-5.25960811754605	1.44362728500304e-07	3.12910577319313e-06
ENSMUSG00000034684	Sema3f	123.20965641169	154.410448507806	165.014027564189	44.1012991011688	59.1400160693376	62.4152309418407	101.381779766005	-1.45742865519907	0.278044359961216	-5.24171270872878	1.59092938805882e-07	3.43061234022994e-06
ENSMUSG00000028517	Plpp3	244.523779647816	290.82213307912	311.20095131233	136.714027213623	139.481169974853	143.957710075536	211.116628550546	-1.00946639560781	0.194255632968807	-5.19658750781196	2.02980073765269e-07	4.30304041512522e-06
ENSMUSG00000070708	Gtsf1l	293.807642212493	132.622471110999	148.401877138264	122.601611501249	65.8351122281306	63.4219282150962	137.781773734372	-1.22856542530832	0.236713982699867	-5.19008387800241	2.10199371047645e-07	4.44857016298136e-06
ENSMUSG00000009075	Cabp7	59.7092950302807	48.3124716190068	53.1588813629603	122.601611501249	207.547980922581	183.2189037325	112.42485736143	1.49831798619118	0.290233167140162	5.16246299813005	2.43721561618937e-07	5.09784266386277e-06
ENSMUSG00000028807	Zbtb8a	1161.96183662102	1022.14033091977	1002.26640903081	681.806084104069	389.431426569789	470.127626610316	787.955618975963	-1.02707859837247	0.200013935938077	-5.13503518420061	2.82091245081698e-07	5.80368053405789e-06
ENSMUSG00000074637	Sox2	2144.7957881512	2149.43133536326	2047.72440916903	1046.08281467972	534.491843343636	598.98487758702	1420.25184471565	-1.50999553469724	0.294770454131892	-5.12261494844939	3.01327285516541e-07	6.15905119418989e-06
ENSMUSG00000048027	Rgmb	125.105189587255	126.938650920528	141.757016967894	268.135898535106	286.773285468298	262.747988319684	201.909671633127	1.01821619846684	0.199410680029586	5.10612670452641	3.28829246565011e-07	6.68850412381019e-06
ENSMUSG00000000305	Cdh4	135.530622052859	139.253594666549	134.004680102462	46.7473770472389	54.6766186301424	37.2477991104533	91.2434486016176	-1.54330383868958	0.302975402928465	-5.09382551775652	3.50909737615797e-07	7.05755962672796e-06
ENSMUSG00000028358	Zfp618	86.2467594881833	99.4668533332493	102.995332640736	287.54047013962	186.346843086404	196.305968284822	159.817037828836	1.26391474648708	0.248269085985271	5.09090667277869	3.56355402261405e-07	7.15561647740901e-06
ENSMUSG00000054753	AU018091	306.128607853662	133.569774476078	116.285052981476	127.011741411366	53.5607692703435	41.2745882034753	129.638422366067	-1.28418334475344	0.252485121173853	-5.08617434082062	3.65358226067804e-07	7.32000960693943e-06
ENSMUSG00000044786	Zfp36	188.605550968665	124.096740825292	141.757016967894	59.0957407955662	63.6034135085329	62.4152309418407	106.595615667965	-1.39061983891875	0.274852382701749	-5.05951531236225	4.20323525052739e-07	8.32028428929318e-06
ENSMUSG00000022358	Fbxo32	139.321688403988	181.882246095084	160.584120783943	44.9833250831921	78.1094551859176	55.3683500290522	110.041530930196	-1.41990868755699	0.280807265616207	-5.05652403416671	4.26967082959033e-07	8.43848329312734e-06
ENSMUSG00000055148	Klf2	118.470823472779	88.0992129523066	65.3411250086387	315.765301564368	145.060416773847	128.857250976703	143.599021791441	1.23754725249522	0.245222889778	5.04662208986924	4.49689575624214e-07	8.8457745675296e-06
ENSMUSG00000022683	Pla2g10	247.367079411163	193.249886476027	177.196271209868	112.017299716969	71.4143590271247	84.5625709534616	147.634577799102	-1.16416488728097	0.230836671186487	-5.04324066577997	4.5771296942704e-07	8.98951137137615e-06
ENSMUSG00000023393	Slc17a9	262.531344815679	184.72415619032	202.668235196286	133.18592328553	90.3837981437047	82.5491764069506	159.340439006412	-1.11709910487092	0.221941611813937	-5.03330175779486	4.82103337863191e-07	9.42429422146891e-06
ENSMUSG00000042821	Snai1	33.1718305723782	28.419100952357	22.1495339012335	137.596053195647	62.4875641487341	97.6496355057831	63.5789530460221	1.95246310840467	0.389990981314757	5.00643143547174	5.54484000241578e-07	1.07554469907756e-05
ENSMUSG00000030519	Apba2	61.6048282058452	92.8357297776994	101.887855945674	145.534287033857	217.590625160771	232.547070122019	142.000066040978	1.18372924951843	0.239335311983027	4.94590305003709	7.57916756214798e-07	1.43683614660056e-05
ENSMUSG00000051596	Otop1	66.3436611447564	63.4693254602639	78.6308453493788	12.3483637483273	22.3169871959765	17.1138536453434	43.3705060906744	-2.17002346962453	0.441236458239833	-4.91805114718109	8.74100762117439e-07	1.63975554029505e-05
ENSMUSG00000021453	Gadd45g	281.486676571323	240.615054729956	190.485991550608	128.775793375413	84.8045513447106	103.689819145316	171.642981119554	-1.06489326175314	0.216651186816535	-4.91524314914053	8.86723364125882e-07	1.66095197310147e-05
ENSMUSG00000048450	Msx1	77.7168601981432	104.203370158642	96.3504724703656	24.6967274966545	25.6645352753729	24.1607345581319	58.7987833595517	-1.82724140276703	0.374074929047758	-4.88469357574547	1.0358982747441e-06	1.90623509502029e-05
ENSMUSG00000043782	Bicdl2	101.411024892699	114.623707174506	110.747669506167	30.8709093708181	39.0547275929588	38.2544963837088	72.4937558201431	-1.60119904155656	0.330742208256245	-4.84122982064633	1.29038030967997e-06	2.34359954941876e-05
ENSMUSG00000024247	Pkdcc	146.903821106246	90.9411230475422	100.780379250612	263.725768624989	235.444214917552	230.533675575508	178.054830420408	1.03844707906629	0.214606047910701	4.83885281508187	1.30590708595202e-06	2.361602688379e-05
ENSMUSG00000051257	Trap1a	326.031706197088	151.56853841257	180.518701295053	165.820884620395	69.1826603075271	91.6094518662501	164.121990449814	-1.07567442093387	0.224205040117301	-4.79772631503331	1.60476843607453e-06	2.84863421113655e-05
ENSMUSG00000014773	Dll1	485.256492944504	298.400559999748	287.943940716035	73.2081565079402	98.1947436622965	106.709910965082	224.952300799268	-2.03306447225513	0.426029005587738	-4.77212688711269	1.82290595755745e-06	3.21764694336793e-05
ENSMUSG00000025219	Fgf8	32.224063984596	23.6825841269641	24.3644872913568	113.781351681015	84.8045513447106	80.5357818604396	59.8988033815138	1.78992008034888	0.376337598611409	4.75615534284439	1.97314658297108e-06	3.44408756832922e-05
ENSMUSG00000022012	Enox1	224.620681304389	120.307527364978	143.971970358018	73.2081565079402	73.6460577467223	74.4955982209067	118.374998583826	-1.25147541183551	0.266130039075135	-4.7024958782732	2.57000409405086e-06	4.41829470963538e-05
ENSMUSG00000019929	Dcn	98.5677251293523	80.520786031678	100.780379250612	25.5787534786779	37.93887823316	34.2277072906868	62.9357049023612	-1.67590094639154	0.356468193395329	-4.70140387681921	2.58378888855889e-06	4.43591662810043e-05
ENSMUSG00000028717	Tal1	87.1945260759655	65.363932190421	44.2990678024669	7.93823383821038	8.92679487839059	17.1138536453434	38.4727347384663	-2.47217138970748	0.528841888337339	-4.67468905967322	2.94399321064239e-06	4.986115356756e-05
ENSMUSG00000075304	Sp5	0.947766587782234	0	0	64.3878966877064	31.2437820743671	59.3951391220742	25.995764078655	6.77877285072659	1.45020804534634	4.67434508619603	2.948931276115e-06	4.98774764356378e-05
ENSMUSG00000029695	Aass	144.0605213429	100.414156698328	105.210286030859	33.5169873168883	41.2864263125565	53.3549554825412	79.6405555306787	-1.55913741190608	0.337314622702826	-4.62220522612707	3.79682111475501e-06	6.31127218412919e-05
ENSMUSG00000091490	Triml2	457.771261898819	120.307527364978	174.981317819744	291.950600049737	62.4875641487341	68.4554145813737	195.992280977231	-1.04548088604485	0.226890160778087	-4.607872295826	4.06810376651221e-06	6.69131091346373e-05
ENSMUSG00000032238	Rora	41.7017298624183	42.6286514285354	58.6962648382687	134.949975249576	130.554375096462	135.904131889492	90.7391880607922	1.40292327225512	0.304605820042289	4.60570081051092	4.11079072345929e-06	6.7526732433788e-05
ENSMUSG00000034936	Arl4d	178.18011850306	183.776852825242	150.616830528388	59.9777667775895	78.1094551859176	78.5223873139286	121.530568522354	-1.21313980858821	0.263931934828367	-4.59641160656481	4.29829196457429e-06	7.04224075135867e-05
ENSMUSG00000024798	Htr7	3.79106635112894	0.947303365078565	2.21495339012335	44.1012991011688	33.4754807939647	35.2344045639423	19.9607512609011	3.72662117896822	0.821552125369334	4.5360739311494	5.73110969408783e-06	9.1976248926857e-05
ENSMUSG00000046402	Rbp1	70.1347274958853	95.6776398729351	85.2757055197489	201.10192390133	180.767596287409	146.977801895302	129.989232495435	1.19464669446755	0.263505312486606	4.53367214191657	5.79669824503504e-06	9.27915344071297e-05
ENSMUSG00000019880	Rspo3	1.89553317556447	6.63112355554996	6.64486017037004	44.1012991011688	58.0241667095388	29.1942209244094	24.4152006061002	3.37888858383448	0.751356170374126	4.49705308489316	6.89017897314082e-06	0.000108496544683711
ENSMUSG00000039031	Arhgap18	155.433720396286	153.463145142728	166.121504259251	71.4441045438934	71.4143590271247	75.5022954941622	115.563188143908	-1.15292404610174	0.256745792590212	-4.49052751544755	7.10469959026686e-06	0.000111734310598808
ENSMUSG00000026628	Atf3	22.7463981067736	12.3149437460213	15.5046737308634	90.8486761484077	63.6034135085329	59.3951391220742	44.0688740604455	1.99250532140205	0.444709375941662	4.48046618577125	7.44801795069966e-06	0.000116840781601601
ENSMUSG00000039646	Vasn	129.844022526166	112.729100444349	106.317762725921	46.7473770472389	36.8230288733612	46.3080745697528	79.7948943644648	-1.40540613816538	0.314985760218551	-4.46180848680351	8.12708439356819e-06	0.000126544552281986
ENSMUSG00000041390	Mdfic	72.978027259232	79.5734826665995	81.9532754345638	208.158131757517	177.420048208013	137.917526436003	126.333415293655	1.19449839914964	0.26852068222407	4.44844095157214	8.6495820114667e-06	0.000134015128696182
ENSMUSG00000028917	Plekhm2	49.2838625646762	92.8357297776994	65.3411250086387	134.067949267553	130.554375096462	156.038077354602	104.686853178272	1.26809119431228	0.285226878930408	4.44590355252488	8.75232116460049e-06	0.00013543974181965
ENSMUSG00000039552	Rsph4a	36.9628969235071	28.419100952357	25.4719639864185	125.247689447319	65.8351122281306	86.5759654999726	61.4187881729508	1.66882879404726	0.37691156586582	4.42764018189179	9.52696551252943e-06	0.000146723076547877
ENSMUSG00000052921	Arhgef15	131.739555701731	127.885954285606	139.542063577771	58.2137148135428	54.6766186301424	57.3817445755632	94.9066085973927	-1.25669724065216	0.284175518292781	-4.42225723103074	9.76750705811759e-06	0.000150039429105723
ENSMUSG00000028926	Cdk14	34.1195971601604	54.9435951745568	48.7289745827136	82.9104423101973	132.78607381606	138.924223709258	82.0688177921577	1.39562466852957	0.318230792765168	4.38557393017415	1.15680358987833e-05	0.000175974364278461
ENSMUSG00000051457	Spn	117.523056884997	63.4693254602639	69.7710317888854	35.281039280935	23.4328365557753	24.1607345581319	55.6063374214981	-1.63590267700785	0.375303342511207	-4.35888118145125	1.30729062152175e-05	0.000197193477164638
ENSMUSG00000091764	Zfp964	34.1195971601604	25.5771908571213	39.8691610222202	123.483637483273	85.9204007045094	108.723305511593	69.6155487898129	1.54065398776627	0.353675352008278	4.35612484448792	1.3238528740762e-05	0.000199212872537846
ENSMUSG00000074170	Plekhf1	116.575290297215	97.5722466030922	115.177576286414	41.4552211550986	53.5607692703435	39.2611936569643	77.2670495448546	-1.39065214182423	0.321532243413705	-4.32507834069668	1.52477664867298e-05	0.000225659751660919
ENSMUSG00000089669	Tnfsf13	86.2467594881833	41.6813480634569	43.1915911074053	20.2865975865376	10.0426442381894	10.066972732555	35.2526522027212	-2.09573994794221	0.485003622151375	-4.32108102336627	1.55266643078722e-05	0.000228708494206334
ENSMUSG00000039209	Rpl39l	191.448850732011	195.144493206184	186.056084770361	112.017299716969	84.8045513447106	66.4420200348627	139.31888330085	-1.06917190324584	0.249691828708405	-4.2819659288668	1.85249351574795e-05	0.00026692070749296
ENSMUSG00000061411	Nol4l	151.642654045157	157.252358603042	152.831783918511	77.618286418057	65.8351122281306	61.4085336685852	111.098121480247	-1.13484431001038	0.265519705566563	-4.27404929358771	1.91954568811164e-05	0.000275003406230607
ENSMUSG00000053199	Arhgap20	116.575290297215	95.6776398729351	111.855146201229	43.2192731191454	46.8656731115506	46.3080745697528	76.7501828619713	-1.33584545540461	0.315215832380365	-4.23787550681359	2.25644822858838e-05	0.000318542466465514
ENSMUSG00000031760	Mt3	201.874283197616	114.623707174506	145.079447053079	82.9104423101973	61.3717147889353	84.5625709534616	115.070360912966	-1.1193972180299	0.266910133741818	-4.19391052088223	2.7418617426915e-05	0.00038064562910153
ENSMUSG00000023913	Pla2g7	2.8432997633467	7.57842692062852	7.75233686543171	35.281039280935	42.4022756723553	40.2678909302198	22.6875449054862	2.87962487258786	0.698279730195781	4.12388438051965	3.7253594771667e-05	0.00049843562301111
ENSMUSG00000025370	Cdh9	129.844022526166	145.884718222099	124.037389846907	40.5731951730753	68.0668109477282	63.4219282150962	95.304677488512	-1.23636209921119	0.30028588690781	-4.11728340596559	3.83364534018858e-05	0.000510745743305379
ENSMUSG00000023868	Pde10a	4.73883293891117	5.68382019047139	2.21495339012335	36.1630652629584	30.1279327145682	32.2143127441758	18.5238195402014	3.32277921142988	0.807611763462486	4.11432740551485	3.88309968922302e-05	0.000516238359107509
ENSMUSG00000042942	Greb1l	32.224063984596	38.8394379682212	37.6542076320969	173.759118458605	80.3411539055153	65.4353227616072	71.3755507851069	1.60723629752368	0.392258745585937	4.0973880521717	4.17838125761208e-05	0.000553734791795477
ENSMUSG00000020256	Aldh1l2	97.6199585415701	55.8908985396353	45.4065444975286	194.927742027166	100.426442381894	131.87734279647	104.358154797377	1.17977461556964	0.288687822305591	4.08667953551843	4.37590887869012e-05	0.000578080593974326
ENSMUSG00000039485	Tspyl4	83.4034597248366	70.1004490158138	63.1261716185154	193.163690063119	138.365320615054	116.776883697637	110.822662455829	1.10618063021359	0.271626873100309	4.07242706727729	4.65257710180028e-05	0.000611411964686843
ENSMUSG00000050105	Grrp1	7.58213270225787	7.57842692062852	8.85981356049339	52.0395329393791	35.7071795135624	45.3013772964973	26.1780771554698	2.46179195916883	0.609215295405088	4.04092277022018	5.32412910705952e-05	0.000692412645529502
ENSMUSG00000032035	Ets1	88.1422926637478	121.254830730056	94.1355190802422	136.714027213623	261.108750192925	206.372941017377	151.288060149662	1.01501774783203	0.251513076394728	4.03564602835619	5.44522591157306e-05	0.000705238237257398
ENSMUSG00000055489	Ano5	3.79106635112894	4.73651682539283	9.96729025555506	29.9888833887948	52.4449199105447	48.3214691162638	24.8750243079467	2.58051111716925	0.640902120608333	4.02637319208723	5.66437643180389e-05	0.000729855484796086
ENSMUSG00000018604	Tbx3	24.6419312823381	12.3149437460213	12.1822436456784	95.2588060585246	45.7498237517518	43.2879827499863	38.9059552057167	1.91137538665639	0.474994012328727	4.02399890745064	5.72181824562498e-05	0.000736117301484561
ENSMUSG00000095180	Rhox5	197.135450258705	105.150673523721	129.574773322216	92.6127281124544	68.0668109477282	57.3817445755632	108.320363456731	-1.0675986587227	0.265597827730579	-4.01960613851733	5.82955150063806e-05	0.000745536094905129
ENSMUSG00000025408	Ddit3	61.6048282058452	35.9975278729855	42.0841144123436	160.528728728254	107.121538540687	84.5625709534616	81.9832181189295	1.27886426119075	0.318652722971439	4.01334797727549	5.98635622508948e-05	0.000761955077331369
ENSMUSG00000020467	Efemp1	31.2762973968137	30.3137076825141	33.2243008518502	82.9104423101973	92.6154968633024	92.6161491395056	60.4927323740305	1.44659974044401	0.365747578921045	3.95518610051083	7.64750985506382e-05	0.000948381903962955
ENSMUSG00000028159	Dapp1	159.224786747415	114.623707174506	111.855146201229	57.3316888315194	58.0241667095388	61.4085336685852	93.7446715554657	-1.15632957139475	0.293211849053102	-3.94366590275596	8.02454325755806e-05	0.000987333508650526
ENSMUSG00000028289	Epha7	61.6048282058452	58.732808634871	53.1588813629603	156.118598818137	103.773990461291	109.730002784849	90.5198517113256	1.16087921154686	0.299063339124079	3.88171687959793	0.000103721591378741	0.00124684480057778
ENSMUSG00000042514	Klhl14	54.9704620913696	84.3099994919923	63.1261716185154	12.3483637483273	24.5486859155741	23.1540372848764	43.7429533584425	-1.703052803017	0.440404637760691	-3.86701832132479	0.000110174153671575	0.00131433995112003
ENSMUSG00000030500	Slc17a6	24.6419312823381	37.8921346031426	31.0093474617269	1.76405196404675	6.69509615879294	5.03348636627748	17.8393413060541	-2.87672220257218	0.74792695447325	-3.84626090203982	0.000119934053851768	0.0014267036737817
ENSMUSG00000038496	Slc19a3	46.4405628013295	37.8921346031426	35.4392542419736	115.545403645062	85.9204007045094	89.5960573197391	68.4723022192927	1.31156108089692	0.341752704763327	3.83774894131479	0.000124167332886512	0.00146870879144744
ENSMUSG00000035561	Aldh1b1	84.3512263126188	92.8357297776994	62.0186949234537	22.9326755326078	29.0120833547694	23.1540372848764	52.3840745310042	-1.52556298247206	0.399402978219847	-3.81960842974068	0.00013366369326314	0.00157214559555052
ENSMUSG00000067925	Rtl8a	39.8061966868538	35.9975278729855	35.4392542419736	94.3767800765012	88.152099424107	100.66972732555	65.7402642713284	1.33718916265201	0.350970954036669	3.80997101689589	0.000138983083889952	0.00162557101847055
ENSMUSG00000029084	Cd38	113.731990533868	91.8884264126208	112.962622896291	55.5676368674727	32.3596314341659	50.3348636627748	76.1408619678655	-1.26488366708534	0.332017118814269	-3.80969412541923	0.000139138822263672	0.00162587729926358
ENSMUSG00000048706	Lurap1l	65.3958945569741	76.7315725713638	65.3411250086387	144.652261051834	121.627580218072	139.930920982514	102.279892398233	1.06641861617189	0.280276414292058	3.80488175883628	0.000141871946019115	0.00165609840498174
ENSMUSG00000048070	Pirt	42.6494964502005	35.0502245079069	39.8691610222202	6.17418187416363	12.2743429577871	9.06027545929946	24.1796137119296	-2.26144482577101	0.595497967034707	-3.79756934693147	0.000146121904459379	0.00169641988988455
ENSMUSG00000034645	Zyg11a	60.657061618063	45.4705615237711	58.6962648382687	196.691793991213	103.773990461291	94.6295436860166	93.3198693531038	1.1811306711503	0.316006428048716	3.73767925685426	0.000185726667785575	0.00208299345907861
ENSMUSG00000042190	Cmklr1	72.978027259232	36.944831238064	46.5140211925903	19.4045716045143	17.8535897567812	7.04688091278847	33.456986993995	-1.91360593813058	0.512396611984519	-3.73461863988358	0.000187999850717671	0.00210472625022906
ENSMUSG00000029844	Hoxa1	3.79106635112894	2.8419100952357	5.53738347530837	784.121098018781	44.6339743919529	62.4152309418407	150.556777212375	4.93149280249788	1.32350975006823	3.72607213678905	0.000194486765774627	0.00216768109278115
ENSMUSG00000041119	Pde9a	88.1422926637478	71.9950557459709	66.4486017037004	22.0506495505844	33.4754807939647	28.1875236511539	51.7166006848537	-1.4911459764529	0.40253299212454	-3.70440685764102	0.000211885944123584	0.00233875866205011
ENSMUSG00000031026	Trim66	61.6048282058452	36.944831238064	28.7943940716035	123.483637483273	92.6154968633024	77.5156900406731	70.1598129837935	1.28462624940594	0.348023559759852	3.6912048434088	0.00022319429332941	0.00244636539850139
ENSMUSG00000040061	Plcb2	47.3883293891117	60.6274153650282	54.266358058022	13.2303897303506	16.7377403969824	16.1071563720879	34.7262315519305	-1.77292321079944	0.481541939575758	-3.68176282290469	0.000231626842857862	0.00251899209520465
ENSMUSG00000021835	Bmp4	112.784223946086	108.939886984035	127.359819932092	59.9777667775895	49.0973718311482	57.3817445755632	85.9234690077524	-1.10792138393391	0.301286718600564	-3.67729911587226	0.000235716576536641	0.0025524098667255
ENSMUSG00000006411	Nectin4	124.157422999473	113.676403809428	118.500006371599	47.6294030292623	72.5302083869235	50.3348636627748	87.8047180432433	-1.13572977630307	0.308916315446813	-3.6764965769463	0.000236459026690488	0.00255824205600485
ENSMUSG00000049001	Ndnf	97.6199585415701	58.732808634871	56.4813114481453	33.5169873168883	22.3169871959765	20.1339454651099	48.1336664337602	-1.47302081515823	0.402218552779642	-3.66223985686019	0.00025001959655136	0.00269018599055252
ENSMUSG00000051335	Gfod1	55.9182286791518	33.1556177777498	36.5467309370352	16.7584936584441	2.23169871959765	9.06027545929946	25.6118408718797	-2.22812496675877	0.611083932793571	-3.64618483188208	0.000266162564788043	0.00283319778463947
ENSMUSG00000096014	Sox1	24.6419312823381	31.2610110475926	24.3644872913568	0.882025982023375	5.57924679899412	5.03348636627748	15.2936981280971	-2.99831437188343	0.824818177976201	-3.63512159642285	0.000277849551750213	0.00294014491944787
ENSMUSG00000022054	Nefm	30.3285308090315	51.1543817142425	44.2990678024669	95.2588060585246	91.4996475035035	88.5893600464836	66.8549656557088	1.29214725932624	0.355659298042538	3.6331041151965	0.000280031957204451	0.00295825005295948
ENSMUSG00000034271	Jdp2	33.1718305723782	20.8406740317284	26.5794406814802	75.8542344540103	76.9936058261188	86.5759654999726	53.3359585109481	1.42356498967981	0.391822445554371	3.63318897585277	0.000279939836696149	0.00295825005295948
ENSMUSG00000047496	Rnf152	104.254324656046	129.780561015763	111.855146201229	45.8653510652155	53.5607692703435	55.3683500290522	83.4474170396082	-1.1001665833043	0.303659198747572	-3.62303064699466	0.000291171307905447	0.00306303429523333
ENSMUSG00000010358	Ifi35	147.851587694028	57.7855052697925	80.8457987395022	73.2081565079402	22.3169871959765	36.2411018371978	69.7081895407396	-1.25001476571771	0.34779076548923	-3.59415743531703	0.000325443017605263	0.00338105121767057
ENSMUSG00000040663	Clcf1	98.5677251293523	85.2573028570709	79.7383220444405	32.6349613348649	32.3596314341659	43.2879827499863	61.9743209249801	-1.2987929072354	0.362425143310851	-3.58361700673022	0.000338868859955218	0.00350891435019636
ENSMUSG00000046352	Gjb2	15.1642654045157	15.156853841257	8.85981356049339	53.8035849034259	37.93887823316	40.2678909302198	28.531881145512	1.98394322830203	0.556557959811424	3.56466598550533	0.000364319839118384	0.00373852328776428
ENSMUSG00000051747	Ttn	119.418590060561	100.414156698328	125.144866541969	74.0901824899635	40.1705769527576	49.3281663895193	84.7610898555165	-1.13362282019529	0.318865074433868	-3.55518026616115	0.00037772002795575	0.00385397264296314
ENSMUSG00000026976	Pax8	81.5079265492721	57.7855052697925	47.621497887652	23.8147015146311	18.96943911658	18.1205509185989	41.3032702094211	-1.54964914966463	0.438555364745362	-3.53353139475196	0.000410047386996672	0.00412347332276301
ENSMUSG00000052396	Mogat2	52.1271623280229	64.4166288253424	57.588788143207	106.725143824828	123.859278937669	118.790278244148	87.2512133838698	1.05666872203983	0.300212253538033	3.51973881674343	0.000431971950238287	0.00431971950238287
ENSMUSG00000031504	Rab20	55.9182286791518	69.1531456507353	71.9859851790088	19.4045716045143	27.8962339949706	26.1741291046429	45.0887157021706	-1.46013340117177	0.415375252016971	-3.5152152037987	0.000439397764641891	0.00438349916236545
ENSMUSG00000062760	Shisal1	41.7017298624183	56.8382019047139	63.1261716185154	12.3483637483273	25.6645352753729	15.1004590988324	35.79657691803	-1.68464139620987	0.483706881287291	-3.48277326906438	0.000496248458551861	0.00483909724539694
ENSMUSG00000051735	Rinl	216.090782014349	90.9411230475422	78.6308453493788	84.674494274244	42.4022756723553	51.3415609360303	94.0135135489833	-1.03495071119441	0.299437506892031	-3.45631621748568	0.000547612491376022	0.00527844605742632
ENSMUSG00000095440	Fignl2	73.9257938470142	100.414156698328	101.887855945674	24.6967274966545	55.7924679899412	50.3348636627748	67.8419776067311	-1.19687623408489	0.346889815845311	-3.45030663747885	0.000559950138415611	0.00537672091592649
ENSMUSG00000037353	Letmd1	22.7463981067736	36.944831238064	34.3317775469119	74.0901824899635	82.5728526251129	67.4487173081182	53.022459885824	1.37220651035257	0.400672738297719	3.42475636396545	0.000615350977021921	0.00584164505417935
ENSMUSG00000061751	Kalrn	105.202091243828	116.518313904664	131.789726712339	63.505870705683	58.0241667095388	53.3549554825412	88.0658541264323	-1.02369129757252	0.300696610153009	-3.40439919509441	0.000663097698075113	0.00621499336134628
ENSMUSG00000056220	Pla2g4a	136.478388640642	102.308763428485	105.210286030859	62.6238447236597	62.4875641487341	46.3080745697528	85.902820257022	-1.0302313981661	0.303235346263402	-3.39746474433492	0.000680133511803031	0.00633210354089617
ENSMUSG00000054626	Xlr	30.3285308090315	29.3664043174355	21.0420572061718	74.9722084719869	61.3717147889353	60.4018363953297	46.2471253314818	1.42437750093368	0.419815832476891	3.39286275253111	0.000691662839079027	0.00641326333421843
ENSMUSG00000030683	Sez6l2	132.687322289513	109.887190349114	102.995332640736	58.2137148135428	52.4449199105447	59.3951391220742	85.9372698542539	-1.01623042398407	0.299927250834227	-3.38825638936607	0.000703384807781886	0.00649079363063431
ENSMUSG00000073568	Arl14epl	56.865995266934	17.9987639364927	29.9018707666652	15.8764676764208	6.69509615879294	6.04018363953297	22.2297295741398	-2.04527132860413	0.603725932275334	-3.38774801489124	0.000704689735473563	0.00649805744319854
ENSMUSG00000039616	Mocos	78.6646267859254	66.3112355554996	55.3738347530837	32.6349613348649	8.92679487839059	23.1540372848764	44.1775817654401	-1.54324569813709	0.457901816755663	-3.3702545866084	0.000750987660436923	0.00684451353557253
ENSMUSG00000028435	Aqp3	16.112031992298	15.156853841257	18.8271038160484	78.5003124000804	43.5181250321541	42.2812854767308	35.7326187597615	1.68071008279575	0.50130430289238	3.35267435986194	0.00080034811760017	0.00724179443106138
ENSMUSG00000031661	Nkd1	48.3360959768939	43.575954793614	57.588788143207	110.253247752922	124.975128297468	99.663030052294	80.7320408360665	1.06166248967593	0.316846322248353	3.35071741449399	0.000806025087778304	0.00728266008035833
ENSMUSG00000038765	Lmx1b	13.2687322289513	33.1556177777498	34.3317775469119	0	6.69509615879294	11.0736700058104	16.4208156197027	-2.74645582124739	0.820605563552297	-3.34686473408531	0.000817310811393253	0.00736871457111015
ENSMUSG00000055945	Prr18	9.47766587782234	4.73651682539283	4.42990678024669	38.8091432090285	22.3169871959765	36.2411018371978	19.3352202876108	2.36401589451142	0.707531878886184	3.3412146718151	0.000834127020842596	0.0075041534849997
ENSMUSG00000040447	Spns2	78.6646267859254	73.8896624761281	79.7383220444405	29.1068574067714	34.5913301537635	41.2745882034753	56.210897845084	-1.22405090654834	0.371563603657303	-3.2943240255504	0.000986586976673964	0.00864641519361609
ENSMUSG00000030064	Frmd4b	53.0749289158051	53.0489884443996	54.266358058022	125.247689447319	95.9630449426988	101.676424598805	80.5462390678417	1.03271552354782	0.314776130251357	3.28079363172541	0.00103515453401077	0.00900914660321437
ENSMUSG00000037280	Galnt6	123.20965641169	71.0477523808924	74.2009385691321	54.6856108854493	40.1705769527576	29.1942209244094	65.4181260207219	-1.13394718172335	0.346135144106113	-3.2760244113661	0.00105279460638302	0.00914364865751342
ENSMUSG00000027581	Stmn3	36.9628969235071	68.2058422856567	50.943927972837	62.6238447236597	122.743429577871	127.850553703448	78.2217491978298	1.07288842657824	0.327859974079085	3.27239831452998	0.001066392243621	0.00922980872927141
ENSMUSG00000020641	Rsad2	78.6646267859254	52.1016850793211	55.3738347530837	23.8147015146311	16.7377403969824	30.2009181976649	42.8155844546014	-1.4481721142826	0.442831028654251	-3.2702589036806	0.00107449092154638	0.00928709439766326
ENSMUSG00000027695	Pld1	40.7539632746361	38.8394379682212	35.4392542419736	7.93823383821038	15.6218910371835	5.03348636627748	23.9377111210837	-2.03259636836257	0.621519664335392	-3.27036533998661	0.00107408666892444	0.00928709439766326
ENSMUSG00000069911	Insyn2b	65.3958945569741	59.6801119999496	76.4158919592555	26.4607794607013	20.0852884763788	37.2477991104533	47.5476275939521	-1.36419963647984	0.419389421063702	-3.25282319477636	0.00114264570400297	0.00974198613127529
ENSMUSG00000033209	Ttc28	27.4852310456848	43.575954793614	33.2243008518502	61.7418187416363	85.9204007045094	77.5156900406731	54.9105660296613	1.24108114940071	0.384036354958188	3.23167620298821	0.0012306642256744	0.0103726232587063
ENSMUSG00000034810	Scn7a	22.7463981067736	25.5771908571213	19.9345805111101	0.882025982023375	4.46339743919529	6.04018363953297	13.2739627559594	-2.80594114416523	0.870273478578582	-3.22420619866318	0.00126322405200436	0.0105866353107503
ENSMUSG00000031329	Tsx	61.6048282058452	26.5244942221998	38.7616843271586	16.7584936584441	14.5060416773847	13.0870645523214	28.540434440559	-1.66537140681938	0.519329197383399	-3.20677407550013	0.00134232370006193	0.0111269236696018
ENSMUSG00000010086	Rnf112	47.3883293891117	44.5232581586926	50.943927972837	13.2303897303506	23.4328365557753	14.0937618255769	32.2687506053907	-1.61087349552528	0.502824334269934	-3.20365063052121	0.00135697034265373	0.0112334945912298
ENSMUSG00000021322	Aoah	113.731990533868	80.520786031678	104.102809335797	71.4441045438934	27.8962339949706	46.3080745697528	74.00066650166	-1.12214505642931	0.3505103895752	-3.20146018435942	0.00136732970264398	0.0113043397682358
ENSMUSG00000078235	Fam43b	19.9030983434269	7.57842692062852	6.64486017037004	52.0395329393791	27.8962339949706	45.3013772964973	26.5605882775454	1.89427903448658	0.594786539476106	3.18480481443826	0.0014485167173877	0.0118738633593832
ENSMUSG00000031651	Triml1	143.112754755117	28.419100952357	44.2990678024669	77.618286418057	8.92679487839059	16.1071563720879	53.0805268630795	-1.33811490140474	0.421298137050356	-3.17617094339252	0.00149232985097999	0.012165143580505
ENSMUSG00000047604	Frat2	88.1422926637478	102.308763428485	98.5654258604889	45.8653510652155	52.4449199105447	33.2210100174313	70.0912938243189	-1.09382565331603	0.344919219794455	-3.17125167442935	0.00151783578859342	0.0123453267315926
ENSMUSG00000034685	Fam171a2	67.2914277325386	65.363932190421	77.5233686543171	24.6967274966545	39.0547275929588	35.2344045639423	51.5274313718054	-1.22179022815146	0.386169358011331	-3.16387150560924	0.00155685514057067	0.012638119025978
ENSMUSG00000068245	Phf11d	106.14985783161	30.3137076825141	29.9018707666652	38.8091432090285	8.92679487839059	12.0803672790659	37.6969569412124	-1.47679124130371	0.468904017605961	-3.14945316281064	0.00163576326789676	0.0131426562177365
ENSMUSG00000070732	Rbm44	80.5601599614899	58.732808634871	81.9532754345638	40.5731951730753	33.4754807939647	33.2210100174313	54.752655002566	-1.1633433595933	0.370778022513747	-3.13757366660038	0.00170352460362834	0.0136086784058152
ENSMUSG00000019966	Kitl	49.2838625646762	71.0477523808924	78.6308453493788	22.9326755326078	23.4328365557753	34.2277072906868	46.5926132790029	-1.3046820558276	0.416677628370167	-3.1311545592953	0.00174120496118895	0.0138567674463674
ENSMUSG00000036553	Sh3tc1	109.940924182739	80.520786031678	79.7383220444405	38.8091432090285	51.3290705507459	42.2812854767308	67.1032552492271	-1.09136578978844	0.349163083125409	-3.12566202594921	0.00177405310851126	0.0140646661477046
ENSMUSG00000024867	Pip5k1b	54.9704620913696	55.8908985396353	45.4065444975286	135.8320012316	79.2253045457165	78.5223873139286	74.9745997032964	1.03221531858	0.330495803798635	3.12323275126638	0.00178876230731668	0.0141277325090147
ENSMUSG00000029534	St7	27.4852310456848	37.8921346031426	26.5794406814802	61.7418187416363	71.4143590271247	65.4353227616072	48.4247178101126	1.27511230555438	0.408467229605047	3.12170037921353	0.0017980983545391	0.0141851566107107
ENSMUSG00000020644	Id2	54.0226955035873	60.6274153650282	66.4486017037004	19.4045716045143	22.3169871959765	33.2210100174313	42.673546898373	-1.34608313615835	0.4328122298836	-3.11008572128465	0.00187033056256369	0.0146612420738128
ENSMUSG00000091345	Col6a5	15.1642654045157	8.52573028570709	4.42990678024669	65.2699226697298	20.0852884763788	16.1071563720879	21.597044998111	2.07272776186169	0.667082509480754	3.10715351160244	0.00188898278615989	0.0147889793925806
ENSMUSG00000034422	Parp14	95.7244253660056	41.6813480634569	54.266358058022	34.3990132989116	31.2437820743671	11.0736700058104	44.7314328110956	-1.41938953599208	0.457250678572151	-3.10418245944299	0.00190805621946498	0.0148979774428169
ENSMUSG00000043687	1190005I06Rik	54.9704620913696	46.4178648888497	60.911218228392	22.9326755326078	25.6645352753729	17.1138536453434	38.0017682769892	-1.40640549760092	0.454884178415339	-3.09178811736286	0.00198954803704945	0.0153748940055238
ENSMUSG00000026042	Col5a2	72.978027259232	65.363932190421	70.8785084839471	23.8147015146311	33.4754807939647	41.2745882034753	51.2975397409452	-1.21285063494802	0.395922841906599	-3.06335100320921	0.0021887316880082	0.0166678292988488
ENSMUSG00000026479	Lamc2	7.58213270225787	10.4203370158642	11.0747669506167	32.6349613348649	41.2864263125565	32.2143127441758	22.535489510056	1.8908477364998	0.623058497230204	3.03478364375983	0.00240708294546559	0.017981482717615
ENSMUSG00000037788	Vopp1	27.4852310456848	42.6286514285354	32.1168241567885	60.8597927596129	65.8351122281306	86.5759654999726	52.5835961864541	1.20397819384951	0.396876587964291	3.03363370468666	0.0024162761281817	0.0180179830116936
ENSMUSG00000022432	Smc1b	132.687322289513	62.5220220951853	69.7710317888854	52.0395329393791	36.8230288733612	44.2946800232418	66.3562696682609	-1.04196084265831	0.345699654763935	-3.01406387972768	0.00257773524275617	0.0189739456284985
ENSMUSG00000045007	Tubg2	53.0749289158051	41.6813480634569	42.0841144123436	14.112415712374	15.6218910371835	20.1339454651099	31.1181072677122	-1.52337512422407	0.506210187919867	-3.00937270836836	0.00261787752076376	0.0192157517425614
ENSMUSG00000049521	Cdc42ep1	34.1195971601604	23.6825841269641	26.5794406814802	5.29215589214025	6.69509615879294	11.0736700058104	17.9070906708914	-2.03432435756172	0.686274100475962	-2.96430297478926	0.00303369439944283	0.0215726041820669
ENSMUSG00000068154	Insm1	68.2391943203208	70.1004490158138	62.0186949234537	27.3428054427246	26.7803846351718	31.2076154709204	47.6148573014009	-1.19214662434427	0.402159056422138	-2.96436597735822	0.00303307329454381	0.0215726041820669
ENSMUSG00000027221	Chst1	65.3958945569741	89.9938196824637	88.5981356049339	27.3428054427246	54.6766186301424	34.2277072906868	60.0391635346543	-1.1055595353108	0.373407714165234	-2.96073030462779	0.00306910562593685	0.0217850100445924
ENSMUSG00000021974	Fgf9	27.4852310456848	35.9975278729855	29.9018707666652	7.056207856187	11.1584935979882	3.02009181976649	19.1032371598795	-2.03871289099014	0.694441545458819	-2.93575881846637	0.00332732910150837	0.0231930194021733
ENSMUSG00000040943	Tet2	114.67975712165	78.6261793015209	75.3084152641938	425.136523335267	121.627580218072	122.81706733717	156.365920429646	1.21738375943451	0.414628989089125	2.93607970371034	0.00332388906773213	0.0231930194021733
ENSMUSG00000048807	Slc35e4	41.7017298624183	51.1543817142425	35.4392542419736	90.8486761484077	62.4875641487341	81.5424791336951	60.5290142082452	1.0702210274255	0.367466354845157	2.91243269843431	0.003586254724932	0.0247429888938409
ENSMUSG00000026435	Slc45a3	50.2316291524584	54.9435951745568	46.5140211925903	12.3483637483273	23.4328365557753	24.1607345581319	35.2718633969733	-1.40262049422488	0.485377359493936	-2.88975261575298	0.00385545098136085	0.0262396474056826
ENSMUSG00000025402	Nab2	37.9106635112894	35.9975278729855	23.2570105962951	9.70228580225713	7.81094551859176	6.04018363953297	20.1197694901586	-1.85014297010072	0.641270667322329	-2.88512022205245	0.00391264216090087	0.02655687350963
ENSMUSG00000070814	Zswim9	37.9106635112894	45.4705615237711	36.5467309370352	67.9160006157999	90.3837981437047	80.5357818604396	59.79392276534	1.05326152016077	0.366262577608172	2.87570061631453	0.00403131874885155	0.0272005646763908
ENSMUSG00000000731	Aire	59.7092950302807	16.1041572063356	31.0093474617269	18.5225456224909	7.81094551859176	13.0870645523214	24.3738925652912	-1.62050946892255	0.56643148763433	-2.86090993226827	0.0042242704210992	0.0283046416363027
ENSMUSG00000064325	Hhip	40.7539632746361	7.57842692062852	15.5046737308634	109.371221770899	31.2437820743671	38.2544963837088	40.4510940258504	1.30040614379194	0.455478828475872	2.85503093117055	0.00430326376708179	0.0287199508401562
ENSMUSG00000020728	Cep112	18.9553317556447	11.3676403809428	13.2897203407401	49.393454993309	44.6339743919529	37.2477991104533	29.1479868288405	1.50745957683168	0.528397250182902	2.85289065435122	0.00433235260029866	0.028859355166533
ENSMUSG00000022101	Fgf17	34.1195971601604	28.419100952357	33.2243008518502	7.93823383821038	12.2743429577871	12.0803672790659	21.3426571732385	-1.71942301809077	0.606878738556876	-2.83322335888627	0.00460811748402281	0.030357939330439
ENSMUSG00000025427	Rnf165	79.6123933737076	53.9962918094782	65.3411250086387	35.281039280935	27.8962339949706	35.2344045639423	49.5602480052788	-1.10289172409906	0.390746536624524	-2.82252463099589	0.00476471618306227	0.0311608430258944
ENSMUSG00000050010	Shisa3	30.3285308090315	21.787977396807	21.0420572061718	75.8542344540103	51.3290705507459	44.2946800232418	40.772758406668	1.24940552753124	0.442853380002158	2.82126225958838	0.00478350787965987	0.0312426223776106
ENSMUSG00000020226	Slc5a4b	79.6123933737076	26.5244942221998	31.0093474617269	26.4607794607013	14.5060416773847	12.0803672790659	31.6989039124644	-1.40019650145392	0.496939612606465	-2.81763913749971	0.00483781485707091	0.0315236637882866
ENSMUSG00000025656	Arhgef9	71.0824940836675	86.2046062221494	83.0607521296255	37.0450912449818	43.5181250321541	36.2411018371978	59.525361758296	-1.0095235557191	0.358902955634669	-2.81280368375319	0.00491116246179734	0.0319022199252363
ENSMUSG00000034486	Gbx2	123.20965641169	81.4680893967566	75.3084152641938	457.771484670132	110.469086620084	133.890737342981	163.686244950973	1.21728277739741	0.433211824110626	2.80990201478564	0.00495565849324528	0.0320607991835814
ENSMUSG00000020143	Dock2	72.978027259232	33.1556177777498	37.6542076320969	24.6967274966545	20.0852884763788	13.0870645523214	33.6094888657389	-1.36215749592727	0.484854225809017	-2.80941656980385	0.00496313811336224	0.0320738328129228
ENSMUSG00000055805	Fmnl1	50.2316291524584	72.9423591110495	94.1355190802422	23.8147015146311	47.9815224713494	45.3013772964973	55.7345181043713	-1.03833215978753	0.370071724701816	-2.80575923660248	0.00501981843522774	0.0323327158447194
ENSMUSG00000057072	Spata45	57.8137618547163	48.3124716190068	57.588788143207	28.224831424748	24.5486859155741	19.1272481918544	39.2692978581844	-1.2414169425603	0.443080877525904	-2.8017840659073	0.00508208772710373	0.0326241437213053
ENSMUSG00000042116	Vwa1	100.463258304917	48.3124716190068	52.0514046678986	40.5731951730753	26.7803846351718	28.1875236511539	49.3947063418705	-1.10035546740929	0.393194773647729	-2.79849972877595	0.00513406125569451	0.0329241025850618
ENSMUSG00000027748	Trpc4	34.1195971601604	33.1556177777498	40.9766377172819	6.17418187416363	18.96943911658	20.1339454651099	25.5882365185076	-1.60407916878603	0.574140011874718	-2.79388151950653	0.00520795557895373	0.0332958953213802
ENSMUSG00000008999	Bmp7	22.7463981067736	31.2610110475926	31.0093474617269	51.1575069573558	64.7192628683318	73.4889009476512	45.7304045649053	1.16221751205795	0.417354268806853	2.78472654749774	0.00535728820824708	0.0341110855603684
ENSMUSG00000035566	Pcdh17	19.9030983434269	26.5244942221998	31.0093474617269	6.17418187416363	5.57924679899412	8.05357818604396	16.2073244810925	-1.98011878556694	0.712081821662521	-2.78074615209793	0.00542341266951182	0.0344104292226357
ENSMUSG00000045165	AI467606	90.9855924270945	58.732808634871	79.7383220444405	54.6856108854493	36.8230288733612	31.2076154709204	58.6954963893561	-1.00960431374468	0.363278709387692	-2.77914528887854	0.00545021418774023	0.034545549523303
ENSMUSG00000042258	Isl1	27.4852310456848	23.6825841269641	31.0093474617269	5.29215589214025	6.69509615879294	14.0937618255769	18.043029418481	-1.88984706797585	0.68346048143024	-2.76511534949478	0.00569026702899973	0.0358858548813802
ENSMUSG00000043943	Naalad2	41.7017298624183	31.2610110475926	37.6542076320969	9.70228580225713	13.3901923175859	20.1339454651099	25.6405620211768	-1.55358283121964	0.563756229296956	-2.75577058041038	0.00585540512387383	0.0367426671523083
ENSMUSG00000049107	Ntf3	36.0151303357249	28.419100952357	16.6121504259251	4.41012991011688	7.81094551859176	6.04018363953297	16.5512734637081	-2.02803234186178	0.736910559589954	-2.75207393281249	0.00592191497884811	0.0371043599523433
ENSMUSG00000004948	Zp3	58.7615284424985	26.5244942221998	22.1495339012335	18.5225456224909	10.0426442381894	4.02678909302198	23.3379225866057	-1.66828182833504	0.60709396071627	-2.74797961483053	0.00599637371064394	0.037458680969926
ENSMUSG00000032507	Fbxl2	27.4852310456848	45.4705615237711	27.6869173765418	67.0339746337765	53.5607692703435	58.3884418488187	46.6043159498228	1.13816812324655	0.415888044391463	2.73671758204048	0.00620555422944823	0.0384591138664569
ENSMUSG00000057777	Mab21l2	2.8432997633467	2.8419100952357	5.53738347530837	19.4045716045143	24.5486859155741	21.1406427383654	12.7194155987241	2.34134909315386	0.856888617386846	2.73238440288074	0.00628777318831988	0.0388726864598101
ENSMUSG00000027168	Pax6	39.8061966868538	36.944831238064	38.7616843271586	13.2303897303506	10.0426442381894	18.1205509185989	26.1510495232026	-1.5112146227352	0.554649849682604	-2.72462820209901	0.00643739328366048	0.0396803957317972
ENSMUSG00000025389	Mip	30.3285308090315	27.4717975872784	39.8691610222202	13.2303897303506	11.1584935979882	10.066972732555	22.0208909132373	-1.60686687116035	0.59593959333134	-2.69635863960282	0.00701021449785501	0.04264575470096
ENSMUSG00000033578	Tmem35a	53.0749289158051	47.3651682539283	48.7289745827136	21.168623568561	23.4328365557753	20.1339454651099	35.6507462236489	-1.23397928657843	0.461332659417158	-2.67481449966587	0.00747706090202122	0.0447082377152788
ENSMUSG00000068079	Tcf15	76.7690936103609	73.8896624761281	50.943927972837	34.3990132989116	10.0426442381894	31.2076154709204	46.2086595112246	-1.2308765326544	0.460706757454926	-2.67171365024926	0.00754650152632562	0.0450135903780354
ENSMUSG00000031883	Car7	68.2391943203208	71.0477523808924	56.4813114481453	35.281039280935	14.5060416773847	30.2009181976649	45.9593762175572	-1.15966986018996	0.435415954116063	-2.66336097524081	0.00773643728351073	0.0457766562508532
ENSMUSG00000054580	Pla2r1	41.7017298624183	36.944831238064	49.8364512777753	18.5225456224909	16.7377403969824	20.1339454651099	30.6462073104735	-1.32137522617018	0.497234379578766	-2.65744944524871	0.00787343983018919	0.0463686860013488
ENSMUSG00000000202	Btbd17	49.2838625646762	58.732808634871	44.2990678024669	22.0506495505844	20.0852884763788	15.1004590988324	34.9253560213016	-1.25868562759112	0.474852043321405	-2.650690136631	0.0080327499615299	0.0471299728925668
ENSMUSG00000029797	Sspo	57.8137618547163	54.9435951745568	55.3738347530837	22.0506495505844	29.0120833547694	28.1875236511539	41.2302413898107	-1.13981638444548	0.430473216186114	-2.64782184253871	0.00810122058510869	0.0474651346139655
ENSMUSG00000021696	Elovl7	38.8584300990716	27.4717975872784	31.0093474617269	75.8542344540103	69.1826603075271	62.4152309418407	50.7986168085758	1.02940978734957	0.390436065217243	2.63656429069071	0.00837503281740189	0.0487281696144616
ENSMUSG00000029205	Chrna9	16.112031992298	9.47303365078565	13.2897203407401	55.5676368674727	31.2437820743671	30.2009181976649	25.9811871872214	1.48030261331676	0.561865733219226	2.6346198491859	0.00842315613703647	0.048975232576807
ENSMUSG00000029923	Rab19	70.1347274958853	67.2585389205781	67.5560783987621	40.5731951730753	30.1279327145682	28.1875236511539	50.6396660590038	-1.02627903952424	0.389621932440706	-2.63403816385626	0.00843760034793756	0.0490100946352754
ENSMUSG00000025064	Col17a1	42.6494964502005	27.4717975872784	39.8691610222202	22.0506495505844	12.2743429577871	9.06027545929946	25.5626205045617	-1.47766497944121	0.562008575833372	-2.62925699532265	0.00855716653186652	0.0494668079110662
