gene_id	gene_short_name	84h_WT_rep1	84h_WT_rep2	84h_WT_rep3	90h_WT_rep1	90h_WT_rep2	90h_WT_rep3	baseMean	log2FoldChange	lfcSE	stat	pvalue	padj
ENSMUSG00000013584	Aldh1a2	223.510521158511	3513.19712159629	1640.72056932931	794.503777681552	16725.8285956059	17394.6243873425	6715.39749545234	2.27971408542847	0.0986672511360139	23.1050734583236	4.11699334803451e-118	5.13883109701668e-114
ENSMUSG00000042942	Greb1l	3798.69423184818	2945.6728955724	1682.29630687103	5386.73561268092	11165.0513561306	10225.9769410393	5867.40455735708	1.86053581457414	0.107359468322711	17.3299648707421	2.79499178315385e-67	1.74435437186632e-63
ENSMUSG00000062327	T	14789.1102546292	20167.3066155216	23759.012941524	9482.13775203677	7309.18112612017	7517.43369882204	13837.3637314423	-1.44396779597668	0.0844350949263651	-17.1015120813917	1.44603390003126e-65	6.01646504673005e-62
ENSMUSG00000087166	L1td1	3495.42885512209	2323.6178720302	3214.51434164025	212.927012418656	357.356696831313	355.325994753659	1659.86179546603	-2.70489995667597	0.159629114977754	-16.9449035475322	2.09878044979355e-64	6.54924439358077e-61
ENSMUSG00000036913	Trim67	1539.95795194675	2278.17554076494	2929.56843312261	129.239281169533	318.124219374892	368.405479223119	1260.57848426697	-2.73348075077782	0.182078685299309	-15.0126344897779	6.06885702171558e-51	1.51502946690108e-47
ENSMUSG00000051323	Pcdh19	108.309063116459	1705.60216682269	852.809640794778	1079.46579927667	6689.99028626448	6069.97075086849	2751.02461785726	1.9035137950449	0.132858295658814	14.3273988696439	1.47544029947054e-46	3.06940763633187e-43
ENSMUSG00000031155	Pim2	9805.9087234256	2195.36951490381	3330.11517285381	881.369524041402	561.195003615761	638.714824925289	2902.11212729428	-1.8742408368966	0.137495644804548	-13.6312742091639	2.60983318764157e-42	4.65370540687744e-39
ENSMUSG00000020427	Igfbp3	2482.24680105994	3902.99134089384	4608.82261285644	1262.73133732855	923.668980115303	1093.22691023902	2378.94799708218	-1.95436972285741	0.147253021988779	-13.2721875345032	3.35637713939315e-40	5.23678743173816e-37
ENSMUSG00000032291	Crabp1	253.049356553909	443.315187232185	316.381222268693	1902.57171295476	2318.98056965236	2150.48523818702	1230.79721447482	2.3340064974056	0.181639513990316	12.8496627530618	8.63860254270298e-38	1.19807818820021e-34
ENSMUSG00000021209	Ppp4r4	1959.4094145614	2298.37213243839	2916.38588219475	375.005783065693	509.169326988768	551.518261795556	1434.97680017409	-2.11692667036223	0.166500131500968	-12.7142642547998	4.92725259053128e-37	6.15019668350114e-34
ENSMUSG00000014773	Dll1	685.300981173232	4599.7737536278	3780.34998915926	4531.84954789557	11317.7168662328	10516.9954704848	5905.33110142891	1.24715811800375	0.104203375936131	11.9685001258325	5.19594060590238e-33	5.8959755129885e-30
ENSMUSG00000021136	Smoc1	181.171523758441	342.332228864945	259.594849040979	1595.36358558456	1711.73004902254	1574.98792153079	944.196692967042	2.26354832675474	0.203606455302324	11.117271912591	1.0338507166862e-28	1.07537705380643e-25
ENSMUSG00000024406	Pou5f1	13021.7032701379	9319.71722771261	11404.9346373589	2023.33628716235	4037.53365823254	4474.27364559439	7380.24978769979	-1.13141488866232	0.102907608649933	-10.9944726488702	4.06281426274571e-28	3.900926740584e-25
ENSMUSG00000024619	Cdx1	5254.95881684129	2983.03659016828	2605.07487182139	5737.37661323105	6371.86606688959	6600.77982892073	4925.51546464539	1.1204867787556	0.106616731048151	10.5094835279612	7.81201869640087e-26	6.75522855942452e-23
ENSMUSG00000034324	Tmem132c	105.355179576919	232.260804244653	133.853594036755	2150.4568915914	1151.38792535149	1136.82519180388	818.356597767516	2.30047686633272	0.218970832810433	10.5058597841854	8.11796413967055e-26	6.75522855942452e-23
ENSMUSG00000055653	Gpc3	936.381082034115	4458.39761191366	3559.2887505228	3881.41578856694	9442.23386782689	9157.81904270013	5239.25602392742	1.06079363713504	0.10340706365137	10.2584252920229	1.084609597133e-24	8.46131061963385e-22
ENSMUSG00000001493	Meox1	49.2313923256632	20.1965916734481	19.2668052022602	48.7295650311352	600.427481072182	615.825727103734	225.61292706807	4.91209962963694	0.479874847600426	10.2362098247063	1.36478585147327e-24	1.00207394106408e-21
ENSMUSG00000026497	Mixl1	385.9741158332	2883.06346138471	3727.61978544781	336.869601736978	808.530187580154	949.35258107496	1515.23495550964	-1.71538905961745	0.168559485956952	-10.1767577771063	2.51811856421235e-24	1.74617532880547e-21
ENSMUSG00000019987	Arg1	868.441760624699	773.529461093061	498.908850500631	1450.23422886139	2446.05968141338	2469.84265064967	1417.8361055238	1.66788627184249	0.164496907429686	10.1393168899265	3.69675566131957e-24	2.42857390339952e-21
ENSMUSG00000038793	Lefty1	804.440950601337	1243.10021750073	1057.64620136618	165.256785757763	197.01526722681	251.780076037102	619.873249748319	-2.47397363083706	0.250447369894413	-9.87821765459173	5.17450540947361e-23	3.07562745338331e-20
ENSMUSG00000030554	Synm	214.648870539892	338.292910530255	203.822518192331	344.284970328673	1466.10062494756	1437.65333460146	667.467204856695	2.10165002387474	0.228767823431416	9.18682528141817	4.04606208855965e-20	2.29558849951825e-17
ENSMUSG00000006445	Epha2	5213.60444728774	2618.48811046254	2764.2795253348	2503.21656888201	1169.29840419029	1150.99463331247	2569.98028157831	-1.17422731306078	0.131274685827233	-8.94481145135737	3.72585263001642e-19	2.02200402295065e-16
ENSMUSG00000056758	Hmga2	907.82687448523	3355.6637065434	2760.22335581853	4271.25230881603	6573.99861378463	7367.01962742325	4205.99741447851	1.05435058743751	0.118989848836093	8.86084483467042	7.94103297983283e-19	4.12999890226139e-16
ENSMUSG00000026494	Kif26b	41.3543695535571	238.319781746687	105.460407422898	1567.82078795826	1172.70992396911	966.791893700906	682.07619405857	2.16720168957729	0.245799958478927	8.81693269188689	1.1763790955713e-18	5.8734255483684e-16
ENSMUSG00000035357	Pdzrn3	312.127027344705	943.180831150025	605.383300302595	738.358844058723	2719.83414366362	2571.20865528798	1315.01546696794	1.48815497474189	0.168985444474203	8.80640921099611	1.29218673324961e-18	6.20349030939293e-16
ENSMUSG00000046982	Tshz1	896.011340327071	426.148084309754	294.072289929234	896.200261224791	1525.80222107689	1388.60526784099	904.473244118122	1.77422494107022	0.204741131559196	8.66569861931848	4.48752620078944e-18	2.07456674215755e-15
ENSMUSG00000032494	Tdgf1	676.439330554613	3837.35241795513	4597.66814668671	74.1536859169449	448.614850914727	591.846672243058	1704.34585071186	-2.88411537296025	0.334415654967153	-8.6243431792795	6.44615460338682e-18	2.87360363426694e-15
ENSMUSG00000027210	Meis2	1953.50164748232	1758.11330517365	1132.68533741708	961.879240179799	3862.69326956806	4032.84104475012	2283.61897409517	1.16684455563577	0.135767038694818	8.594461268752	8.36563387237462e-18	3.60068420672345e-15
ENSMUSG00000060985	Tdrd5	1213.06150690434	828.060258611371	1136.74150693335	274.368637892696	185.074948000942	212.541622628722	641.641413495237	-2.06119665290389	0.240566385442613	-8.56809919270947	1.05207157380198e-17	4.37731912806543e-15
ENSMUSG00000056648	Hoxb8	526.775897884597	131.277845877412	75.039136050908	4039.25720573301	631.131159081555	483.940925370014	981.237028332916	2.08909047251121	0.244898407508125	8.53043714643957	1.457957295782e-17	5.87039450514548e-15
ENSMUSG00000032327	Stra6	345.604374126156	113.100913371309	62.8706275021121	952.345194847621	634.542678860374	616.915684142856	454.229912141738	2.46810018179376	0.291380203260289	8.47037703377881	2.44600008250362e-17	9.54092907181569e-15
ENSMUSG00000073139	Tmem185a	1676.82122261209	2644.74367963803	2852.50121231357	868.657463598497	977.400416631706	1140.09506292125	1693.36984295252	-1.32219279320704	0.16166268750366	-8.17871342870697	2.86890491679515e-16	1.08514155064961e-13
ENSMUSG00000007379	Dennd2c	519.883502959004	1784.36887434914	2022.00050385825	193.858921754299	548.401804445189	623.455426377586	948.661505623911	-1.60803446563712	0.197365744220675	-8.14748512710075	3.71570572615144e-16	1.36410114334771e-13
ENSMUSG00000018899	Irf1	792.625416443178	866.433782790922	1066.77258277777	246.825840266402	221.748785623249	224.531150059061	569.822926326764	-1.95736326955523	0.245567167756132	-7.97078570169059	1.57668710276231e-15	5.62291669047974e-13
ENSMUSG00000047250	Ptgs1	237.295311009697	1475.36102174538	1568.7235604156	106.993175394449	408.529493513601	462.141784587581	709.840724444385	-1.76230675740046	0.222106635460085	-7.93450746642449	2.11332308412123e-15	7.32736076000035e-13
ENSMUSG00000032446	Eomes	35.4466024744775	1048.20310785195	1272.62318572824	10.5933837024207	204.691186729153	257.22986123271	471.464554619825	-2.18537338149227	0.276301690852961	-7.90937389758958	2.58686584855737e-15	8.72682689775488e-13
ENSMUSG00000023088	Abcc1	1708.32931370051	3741.41860750626	3618.10320850864	1014.8461586919	1826.86884155769	1815.86842717667	2287.57242619028	-1.03851430738651	0.133617417080751	-7.77229743004905	7.70752050576751e-15	2.53171765665763e-12
ENSMUSG00000038692	Hoxb4	410.589811996031	213.074042154877	136.895721173954	1032.85491098602	838.380985644823	762.969927385157	565.794233223477	1.91040317553059	0.255714143653069	7.47085455751116	7.96756810454832e-14	2.42563866051152e-11
ENSMUSG00000025085	Ablim1	673.485447015073	1188.56941998242	1723.87204441275	453.396822463606	423.881332518288	397.834319279403	810.173230945257	-1.53163357769766	0.208667153250569	-7.34007990159557	2.13466377976899e-13	6.34401745216109e-11
ENSMUSG00000079277	Hoxd3	48.24676447915	146.425289632499	53.7442460905152	512.719771197162	852.879944704804	645.254567160019	376.545097210691	2.35598643637372	0.324188175528813	7.26734228517327	3.66628990431312e-13	1.04005978603719e-10
ENSMUSG00000101174	Hoxd4	80.7394834140877	99.973128783568	46.6459494370509	1115.4833038649	571.429562952219	441.43260084427	392.617338216016	2.342247189229	0.327847939074739	7.14430963281134	9.04493114526159e-13	2.50886290122567e-10
ENSMUSG00000067786	Nnat	674.470074861586	618.015705207511	600.313088407264	1976.7253988717	1499.36294279105	1518.31015549646	1147.86622760593	1.28764824841523	0.180460023737735	7.13536561585845	9.65302278412375e-13	2.61932674763984e-10
ENSMUSG00000070327	Rnf213	487.390784024066	2449.84656998925	1300.00232996303	1772.27309341498	7796.17557454662	6420.93691746566	3371.10421156727	1.53702266368482	0.216111465035236	7.11217548515629	1.14227888878405e-12	3.03360108293669e-10
ENSMUSG00000058297	Spock2	232.37217177713	453.413483068909	357.956959810412	292.377390186811	1379.10687058767	1342.82707219788	676.342324604801	1.58584352376124	0.224381199599373	7.0676310073782	1.5760093835054e-12	4.01464267855395e-10
ENSMUSG00000075316	Scn9a	323.942561502864	540.258827264736	660.141588772177	91.103099840818	91.258154083414	117.715360225139	304.069931948191	-2.37524561240497	0.341661773309335	-6.95203794500728	3.60046521898158e-12	8.47943525723171e-10
ENSMUSG00000021765	Fst	7814.99121777578	8964.25721425993	10973.9666262558	2700.25350574704	3139.45107645838	3712.39367524835	6217.55221929087	-1.38801313470333	0.200444028007584	-6.92469188780625	4.36925427557315e-12	1.00994503458711e-09
ENSMUSG00000028496	Mllt3	389.912627219253	488.757518497443	317.395264647759	3187.54915605839	1232.41152009844	1155.35446146895	1128.56342466504	1.28891947635175	0.18640918286145	6.91446342163172	4.69637565462633e-12	1.06582110765538e-09
ENSMUSG00000063268	Parp10	378.097093061094	691.733264815596	806.163691357727	136.654649761227	169.723108996256	176.573040337708	393.157474721601	-1.99886802812253	0.289807937885041	-6.89721628299716	5.30314128611699e-12	1.1612949040932e-09
ENSMUSG00000019970	Sgk1	1172.6917651973	2047.93439568763	2438.77192165451	456.574837574332	840.939625478937	961.342108505298	1319.70910901633	-1.18560122350038	0.174143896085637	-6.8081698534949	9.88481202900591e-12	2.12727971975951e-09
ENSMUSG00000037010	Apln	2777.63515501392	2258.98877867517	2952.89140784113	1412.09804753268	1082.3046498304	1177.15360225139	1943.51194019078	-1.00057759815991	0.147546386946234	-6.78144425538876	1.18980386765679e-11	2.51714099594781e-09
ENSMUSG00000021567	Nkd2	102.40129603738	337.283080946583	218.01911149926	241.529148415192	1139.44760612562	1081.23738280868	519.986270972119	1.71918262014265	0.25393076361304	6.7702809840027	1.28532521845086e-11	2.67390489611727e-09
ENSMUSG00000055639	Dach1	132.924759279291	358.489502203703	256.55272190378	478.820943349416	1171.0041640797	1076.87755465219	579.111607578013	1.64892168209037	0.244028799987446	6.7570781898497	1.40802215174112e-11	2.88113647508732e-09
ENSMUSG00000059246	Foxb1	1349.92477756969	813.922644439957	788.9249709136	2557.24282576436	1761.19708581542	1700.33298102978	1495.2575475888	1.08866363273249	0.162354638523682	6.70546676480507	2.00763583998735e-11	3.97766834201938e-09
ENSMUSG00000032802	Srxn1	736.501629191922	1270.36561625988	1276.6793552445	256.359885598581	423.028452573583	495.930452800352	743.144231944804	-1.46895122770349	0.221662916393742	-6.62695976215602	3.42670990924062e-11	6.68315516986584e-09
ENSMUSG00000031073	Fgf15	227.449032544564	386.764730546531	276.833569485106	679.035895325167	1126.65440695505	1115.02605102145	635.293947646311	1.53510167521321	0.231993541446525	6.61700177359056	3.66557099821847e-11	7.03902418457892e-09
ENSMUSG00000024308	Tapbp	819.210368299036	1302.6801629374	1498.75463626003	276.48731463318	416.205413015944	523.179378778393	806.086212320664	-1.47416930759898	0.223029449730067	-6.60975180355404	3.84964895160628e-11	7.28050275968934e-09
ENSMUSG00000045312	Lhfpl2	360.373791823855	639.222126464632	522.231825219157	513.779109567404	1526.6551010216	1784.25967304215	891.086937856465	1.37222997385715	0.207821963705062	6.60291121011924	4.03161030323413e-11	7.51082982163707e-09
ENSMUSG00000078202	Nrarp	223.510521158511	745.254232750234	586.116495100335	1145.14477823168	1866.95419895882	1658.91461354316	1037.64913995712	1.24268452526808	0.191508867940661	6.48891374394802	8.64574439922563e-11	1.56400263175557e-08
ENSMUSG00000020902	Ntn1	2162.24275094313	2113.57331862634	2581.75189710286	853.826726415108	932.197779562351	1087.77712504341	1621.89493294887	-1.06679701981955	0.164640238771003	-6.4795643384808	9.19878363026555e-11	1.64027453247107e-08
ENSMUSG00000085795	Zfp703	2952.89891169328	1270.36561625988	1009.98620955006	2845.3828624702	3959.0687033197	3243.71214842604	2546.90240861986	1.50358778154632	0.232569681918273	6.46510658287221	1.01227434756601e-10	1.7796068177914e-08
ENSMUSG00000047632	Fgfbp3	1395.2176585093	74.7273891917579	43.6038222998519	2192.83042640108	305.33102020432	234.340763411155	707.675180002911	1.85645802552749	0.28997664202128	6.40209505354316	1.53259197438589e-10	2.62052233209379e-08
ENSMUSG00000020598	Nrcam	579.945801596313	434.226720979134	603.355215544463	122.88325094808	106.609993088101	102.455961677435	324.912823972254	-2.05364081739375	0.32380976112758	-6.34212140561328	2.26622609986278e-10	3.82257218628205e-08
ENSMUSG00000049969	Plekhf2	2204.5817483432	1822.74239852869	2117.32048749048	868.657463598497	879.319222990653	917.743826940432	1468.39419131533	-1.02093831005146	0.161316415233991	-6.32879368519677	2.47085215218987e-10	4.11215687515119e-08
ENSMUSG00000030930	Chst15	285.542075488847	432.207061811789	522.231825219157	13.7713988131469	81.8764746916612	88.2865201688539	237.319226032242	-2.34630696769267	0.372413462654196	-6.30027429988838	2.97119364798709e-10	4.87979462028617e-08
ENSMUSG00000069874	Irgm2	229.418288237591	471.590415575013	623.636063125789	55.0855952525876	95.5225538069381	108.995703912165	264.041436651681	-2.20774765436239	0.354622063400263	-6.22563535160104	4.79608389903166e-10	7.67496400355297e-08
ENSMUSG00000022425	Enpp2	480.498389098473	209.034723820188	314.35313751056	14.830737183389	23.8806384517345	33.7886682127712	179.397715712853	-2.86950421627049	0.464614141248831	-6.17610176168461	6.57036472380463e-10	1.01248509237691e-07
ENSMUSG00000038700	Hoxb5	137.847898511857	28.2752283428273	10.1404237906632	281.784006484391	275.480222139652	221.261278941696	159.131509701848	3.13608584281127	0.510879562663234	6.13860109506582	8.32513255657911e-10	1.2672476167222e-07
ENSMUSG00000041959	S100a10	461.790460014721	1551.09824052081	1662.0154592897	314.623495961895	605.544760740411	701.932333194345	882.834124953648	-1.24788529492741	0.20473442614778	-6.09514148845036	1.09340698208989e-09	1.64432601812602e-07
ENSMUSG00000021061	Sptb	930.473314955035	372.627116375117	558.737350865544	254.241208858097	96.3754337516429	110.085660951287	387.090014292787	-1.85505138468519	0.306655148060597	-6.04930781830091	1.45469479781019e-09	2.16160719836509e-07
ENSMUSG00000040728	Esrp1	2043.10278151502	1143.12708871716	1483.54400057403	903.615629816485	486.994448426443	553.6981758738	1102.34702082049	-1.13718290596292	0.189168697421323	-6.01147505620417	1.83842802570655e-09	2.69967748433754e-07
ENSMUSG00000029005	Draxin	62.0315543303357	241.349270497704	142.979975448352	213.986350788898	811.088827414269	815.287865262997	381.120640623759	1.75244572561866	0.292819929484041	5.98472149319387	2.16760435409683e-09	3.07454972134507e-07
ENSMUSG00000046714	Foxc2	1.96925569302653	80.7863666937923	48.6740341951835	30.72081273702	466.525329753528	473.041354978797	183.619525675225	2.53976247373503	0.424205000290506	5.98711111843504	2.13600861375052e-09	3.07454972134507e-07
ENSMUSG00000031303	Map3k15	676.439330554613	702.841390235993	805.149648978661	301.91143551899	249.893823798508	233.250806372034	494.9144059098	-1.53971056927497	0.261182450879637	-5.89515323134989	3.74333843384171e-09	5.02412369152819e-07
ENSMUSG00000000690	Hoxb6	128.986247893238	12.1179550040688	6.08425427439794	851.708049674624	136.460791152769	108.995703912165	207.39216698521	3.34312859236531	0.570441315347926	5.86060038503042	4.61196631051577e-09	6.12410249870828e-07
ENSMUSG00000049265	Kcnk3	2.95388353953979	43.4226720979134	22.3089323394591	9.53404533217863	349.68077732897	348.786252518929	129.447760526165	3.00768003785645	0.513948593649304	5.8521028659702	4.85396243843644e-09	6.37759570069091e-07
ENSMUSG00000059136	Olfr539	659.700657163887	1010.83941325608	1048.51981995458	283.902683224875	412.793893237125	380.395006653457	632.691912248333	-1.34884904302901	0.231760850602231	-5.82000385105608	5.88462715546917e-09	7.65124126610065e-07
ENSMUSG00000028023	Pitx2	902.903735252664	1397.60414380261	1435.88400875791	237.291794934224	578.252602509857	660.513965707722	868.741708494165	-1.17536021782984	0.205011733176149	-5.7331363411281	9.85903183431395e-09	1.24303470056471e-06
ENSMUSG00000032492	Pth1r	39.3851138605306	184.79881381205	121.685085487959	67.7976556954925	707.890354104988	663.783836825087	297.556809964351	1.89215859135209	0.330471614704901	5.72563121054049	1.03049862841933e-08	1.286268387993e-06
ENSMUSG00000049090	Zadh2	930.473314955035	717.988833991079	645.944995465248	783.910393979132	1455.0131856664	1602.23684750883	1022.59459526095	1.08971870035051	0.19101184070082	5.70497983974369	1.16356859753034e-08	1.43798645884889e-06
ENSMUSG00000037171	Nodal	387.943371526226	667.497354807459	775.742419985738	52.9669185121035	191.897987558581	225.621107098182	383.611526581382	-1.67911197734153	0.296459612904091	-5.6638810288292	1.47987030279602e-08	1.77612895379807e-06
ENSMUSG00000050295	Foxc1	45.2928809396102	669.517013974804	504.993104775029	260.597239079549	1472.9236645052	1594.60714823498	757.988508584861	1.19556856024323	0.213134516458815	5.60945538107743	2.02964315535542e-08	2.36766409954639e-06
ENSMUSG00000024366	Gfra3	93.5396454187601	160.562903803912	104.446365043831	791.325762570826	528.785565716979	523.179378778393	366.973270222117	1.71194013765112	0.306193240230281	5.5910448459398	2.25707271246254e-08	2.60859088860716e-06
ENSMUSG00000029804	Herc3	885.180434015425	1202.70703415383	1207.72447346799	478.820943349416	512.580846767587	561.327875147651	808.056934483651	-1.16440566726627	0.208636125802485	-5.58103570408802	2.39090552462989e-08	2.73791584939727e-06
ENSMUSG00000005125	Ndrg1	197.910197149166	440.285698481168	561.779478002743	60.382287103798	86.1408744151852	117.715360225139	244.035649229533	-2.11600710246544	0.37967789993665	-5.57316373383465	2.50154255668105e-08	2.833295103703e-06
ENSMUSG00000021583	Erap1	432.251624619323	801.804689435888	891.343251199299	217.164365899624	266.951422692604	309.547799110549	486.510525492881	-1.47776644303367	0.265217142381215	-5.57191149020669	2.51959426783395e-08	2.833295103703e-06
ENSMUSG00000040724	Kcna2	253.049356553909	484.718200162754	302.184628961764	282.843344854633	1228.14712037492	1157.5343755472	618.079504409196	1.29943898135472	0.233282519278674	5.57023726155171	2.54392671182122e-08	2.83511546579932e-06
ENSMUSG00000068748	Ptprz1	233.356799623644	152.484267134533	117.628915971694	608.060224518948	569.723803062809	466.501612744068	357.959270509283	1.76570872400778	0.320633155787468	5.50694365862207	3.65117049136685e-08	3.92878535114146e-06
ENSMUSG00000053024	Cntn2	63.0161821768489	423.118595558737	551.63905421208	95.3404533217863	93.8167939175285	106.815789833922	222.291144836817	-2.07865296375848	0.381667028960972	-5.44624713698033	5.14436481243352e-08	5.39596315872229e-06
ENSMUSG00000020875	Hoxb9	354.466024744775	44.4325016815858	25.3510594766581	6459.84538173614	382.943095172457	256.139904193589	1253.86299450087	2.84772625805814	0.524935103595687	5.42491107672521	5.79833990354199e-08	6.03123988966759e-06
ENSMUSG00000026442	Nfasc	675.4547027081	852.296168619509	996.803658622196	280.724668114148	355.650936941903	337.886682127712	583.136136188928	-1.29673421344769	0.240003422281131	-5.40298217884886	6.55419737147834e-08	6.70569603203219e-06
ENSMUSG00000029838	Ptn	362.343047516881	304.968534269066	285.959950896703	1050.86366328013	771.856349957848	746.620571798332	587.102019619827	1.31610405226813	0.243899939345085	5.39608191704396	6.81118589603906e-08	6.85622760922255e-06
ENSMUSG00000046879	Irgm1	424.374601847217	266.595010089515	357.956959810412	47.6702266608931	49.4670367928786	63.2175082690559	201.546890578329	-2.24809634277021	0.417819817222654	-5.38054024750149	7.42626330521694e-08	7.41556948605743e-06
ENSMUSG00000032698	Lmo2	266.834146405095	647.300763134011	449.220773926381	756.367596352838	1465.24774500285	1338.46724404139	820.573044810428	1.115247382292	0.20786429074056	5.36526682057171	8.08296414491425e-08	8.00726654419204e-06
ENSMUSG00000054072	Iigp1	55.1391594047428	228.221485909963	370.125468359208	2.11867674048414	24.7335183964393	37.0585393301362	119.566141356829	-2.89484444094371	0.542969923702679	-5.33150053911435	9.74045321203751e-08	9.4248323250118e-06
ENSMUSG00000026519	Tmem63a	277.665052716741	529.15070184434	499.922892879698	92.1624382110601	153.518390046865	158.04377067264	285.077207728557	-1.76457121876016	0.334066192250349	-5.2821005528084	1.27711066873621e-07	1.18412337546085e-05
ENSMUSG00000048763	Hoxb3	354.466024744775	331.224103444548	209.906772466729	2262.74675883706	1429.42678732525	1068.15789833922	942.654724192931	1.91514148349621	0.362607212075086	5.2815868513383	1.28069744982547e-07	1.18412337546085e-05
ENSMUSG00000055809	Dnaaf3	590.776707907959	953.279126986749	1076.91300656844	302.970773889232	415.35253307124	401.104190396768	623.399389803397	-1.22311735670953	0.231528476914351	-5.28279446662622	1.27228103089543e-07	1.18412337546085e-05
ENSMUSG00000058975	Kcnc1	169.355989600282	446.344675983202	497.894808121565	61.44162547404	121.961832092787	107.905746873044	234.15077969082	-1.95547006501576	0.370866694858752	-5.27270335170032	1.344287559506e-07	1.23377921454073e-05
ENSMUSG00000032035	Ets1	367.266186749448	980.544525745904	948.129624427013	94.2811149515442	377.825815504228	412.003760787985	530.008504694354	-1.31294006537913	0.249391003003754	-5.26458472665658	1.40506590644031e-07	1.27634117160765e-05
ENSMUSG00000028124	Gclm	1311.52429155567	810.89315568894	943.059412531681	576.280073411686	325.800138877235	390.204620005552	726.293615345127	-1.18196744416031	0.228891728588282	-5.16387137032099	2.4189395326313e-07	2.14136193236197e-05
ENSMUSG00000010066	Cacna2d2	201.848708535219	547.327634350443	651.01520736058	148.30737183389	171.428868885666	179.842911455073	316.628450403478	-1.64048489035209	0.318353162031392	-5.15303469858525	2.56304517570002e-07	2.25295280866815e-05
ENSMUSG00000057143	Trim12c	513.975735879924	522.081894758633	669.267970183774	184.32487642212	181.663428222123	182.022825533316	375.556121833315	-1.5216122156094	0.296049843491951	-5.13971633175606	2.75153541425005e-07	2.40172482801882e-05
ENSMUSG00000026664	Phyh	446.036414470509	787.667075264475	843.683259383181	287.080698335601	304.478140259615	325.897154697374	499.140457068459	-1.32219790292176	0.257355672095719	-5.13762876160737	2.7822682583123e-07	2.41168558335098e-05
ENSMUSG00000012396	Nanog	1465.12623561174	731.11661857882	879.174742650503	224.579734491319	262.68702296908	341.156553245077	650.640151257756	-1.2794269067846	0.249094285799948	-5.13631576363069	2.80176753092352e-07	2.41183878075775e-05
ENSMUSG00000057963	Itpk1	550.406966200915	741.214914415544	597.270961270065	566.746028079507	1464.39486505815	1501.96079990964	903.665755822303	1.00060437363249	0.19606119605802	5.10353090642364	3.33374037363605e-07	2.83073111181804e-05
ENSMUSG00000071192	Wfikkn1	136.863270665344	45.4423312652582	23.3229747185254	648.315082588147	221.748785623249	196.192267041898	211.98078531707	2.20223139271115	0.431802135659376	5.10009379492363	3.39485207905982e-07	2.85493020412515e-05
ENSMUSG00000021699	Pde4d	332.804212121483	969.436400325508	985.649192452467	159.960093906553	383.795975117162	425.083245257445	542.788186530103	-1.26227224723213	0.24774689063932	-5.09500742461304	3.48727588593995e-07	2.90187850722017e-05
ENSMUSG00000041782	Lad1	172.309873139821	105.02227670193	73.0110512927753	417.379317875375	392.32477456421	371.675350340484	255.287107319099	1.86319354224469	0.366142190077959	5.08871578511063	3.60496420889374e-07	2.9799445864511e-05
ENSMUSG00000027070	Lrp2	788.686905057125	263.565521338497	251.482510008448	405.726595802713	87.8466343045948	66.4873793864208	310.632590982967	-1.7653738155876	0.350853634575719	-5.03165320696316	4.86268285789215e-07	3.99315838369801e-05
ENSMUSG00000049775	Tmsb4x	487.390784024066	362.528820538393	323.479518922157	1087.94050623861	864.820263930671	778.22932593286	650.731536597792	1.18086558635771	0.235402027147544	5.01637815386176	5.26546432714379e-07	4.29565527656266e-05
ENSMUSG00000074766	Ism1	94.5242732652734	61.5996046040166	87.2076445997038	115.467882356386	297.655100701977	308.457842071428	160.818724599797	2.29842084897386	0.458521373418633	5.0126798492235	5.3677164967923e-07	4.35063878655594e-05
ENSMUSG00000047501	Cldn4	406.651300609978	330.214273860876	353.900790294147	180.087522941152	86.99375435989	97.0061764818271	242.475636424645	-1.84576439250667	0.37067047975197	-4.97952897069586	6.37392116150442e-07	5.1328570282515e-05
ENSMUSG00000000125	Wnt3	249.110845167856	411.000640554668	560.765435623677	28.6021359965359	104.051353253986	128.614930616355	247.024223535513	-1.8241649228167	0.368247040453915	-4.95364448976472	7.28362274983244e-07	5.82783199765439e-05
ENSMUSG00000022528	Hes1	276.680424870227	926.013728227594	881.202827408635	407.845272543197	356.503816886608	426.173202296566	545.736545372138	-1.24442348002514	0.25380608419337	-4.9030482621411	9.43607888380518e-07	7.36132103922852e-05
ENSMUSG00000041592	Sdk2	79.7548555675744	121.179550040688	80.1093479462396	221.401719380593	462.260930030004	406.553975592377	228.543396426246	1.8424950553272	0.381530700266862	4.82921834085294	1.37070046747352e-06	0.000104323678262222
ENSMUSG00000039542	Ncam1	216.618126232918	477.649393077047	463.41736723331	1277.56207451194	978.25329657641	992.950862639826	734.408520045241	1.04496337170977	0.217377585154424	4.80713487992532	1.53108697712385e-06	0.000115506155346059
ENSMUSG00000031837	Necab2	165.417478214228	230.241145077308	173.401246820341	515.897786307888	606.397640685116	608.196027829882	383.258554155794	1.39923993878217	0.293806968147774	4.76244640351215	1.91260005104814e-06	0.000141260791935993
ENSMUSG00000029108	Pcdh7	132.924759279291	863.404294039905	973.480683903671	278.605991373664	374.414295725409	377.125135536092	499.992526643005	-1.20026300426841	0.254168019519008	-4.72232111081407	2.33168153217483e-06	0.000170199116284247
ENSMUSG00000023186	Vwa5a	676.439330554613	746.264062333906	820.360284664656	390.895858619324	310.448299872549	348.786252518929	548.865681427329	-1.18032626313718	0.250099546869627	-4.71942583627497	2.36511252512269e-06	0.000171635665921985
ENSMUSG00000041609	Bicdl1	782.779137978045	684.66445772989	769.65816571134	543.440583934182	280.597501807881	324.807197658253	564.324507469932	-1.17944031003841	0.250586582590977	-4.70671772544011	2.51737100087283e-06	0.00018058520018905
ENSMUSG00000029337	Fgf5	176.248384525874	435.236550562806	634.790529295519	22.2461057750835	102.345593364577	150.414071398788	253.546872487108	-1.78921031282465	0.380494010776374	-4.70233502276128	2.57203019845162e-06	0.000183451891068989
ENSMUSG00000048583	Igf2	33.477346781451	57.560286269327	32.4493561301224	472.464913127963	267.804302637309	220.171321902574	180.654587808124	2.08489423803326	0.448954090135134	4.64389184516775	3.41906595038794e-06	0.000238417772026493
ENSMUSG00000042417	Ccno	208.741103460812	340.3125696976	450.234816305448	15.890075553631	77.6120749681372	103.545918716557	199.389426450364	-1.91415544194673	0.412738683512989	-4.63769333577983	3.52319000181738e-06	0.000244313653348248
ENSMUSG00000020160	Meis1	34.4619746279643	53.5209679346374	23.3229747185254	47.6702266608931	268.657182582013	300.828142797576	121.410244886935	2.41103850134138	0.5209516322242	4.62814271460761	3.68959731243687e-06	0.000252298000949672
ENSMUSG00000022747	St3gal6	312.127027344705	593.779795199373	685.492648248835	116.527220726628	208.955586452677	240.880505645885	359.627130603017	-1.40226314545362	0.303020558333835	-4.62761719258914	3.69896924962265e-06	0.000252298000949672
ENSMUSG00000024347	Psd2	180.186895911927	47.461990432603	46.6459494370509	748.952227761143	221.748785623249	156.953813633518	233.658277133249	1.99932996931344	0.433887750918639	4.60794287250655	4.0667235262811e-06	0.000275874147038264
ENSMUSG00000016262	Sertad4	248.126217321343	228.221485909963	345.788451261616	28.6021359965359	49.4670367928786	57.7677230734476	159.662175059297	-2.09292257408383	0.456658793563974	-4.58312114773858	4.5808645846706e-06	0.000305766586876248
ENSMUSG00000039960	Rhou	420.436090461164	426.148084309754	413.72929065906	716.112738283639	878.466343045948	898.124600236242	625.502857832635	1.05955606205453	0.233144778181656	4.54462703526204	5.50326094920548e-06	0.000363448164909962
ENSMUSG00000040612	Ildr2	61.0469264838224	139.356482546792	139.937848311153	218.223704269866	470.789729477052	419.633460061836	241.498025191754	1.67625811496862	0.369309751392742	4.53889481295066	5.65498345382411e-06	0.000371502649845434
ENSMUSG00000053819	Camk2d	249.110845167856	547.327634350443	560.765435623677	122.88325094808	218.33726584443	165.673469946491	310.682983646829	-1.50806688758825	0.335310590633893	-4.49752238584921	6.87499242758005e-06	0.000442338430314713
ENSMUSG00000002107	Celf2	633.115705308029	546.31780476677	627.692232642054	448.100130612396	235.394864738526	237.61063452852	454.705228766049	-1.20801878189853	0.270900308962602	-4.45927428626632	8.22376257530967e-06	0.000518429315479875
ENSMUSG00000041482	Piezo2	722.716839340736	626.09434187689	686.506690627901	236.232456563982	248.188063909098	295.378357601968	469.186124986763	-1.20609826550983	0.272955694318695	-4.41865947702715	9.93149828596656e-06	0.000610664835494752
ENSMUSG00000061751	Kalrn	149.663432670016	332.233933028221	239.314001459652	307.2081273702	765.033310400209	755.340228111306	424.798838839934	1.1942161252004	0.276140168844794	4.32467369813052	1.52757801364167e-05	0.00090796327458454
ENSMUSG00000002274	Metrn	812.317973373443	395.853196799582	389.392273561468	824.16525204833	946.696738622333	721.551559898534	681.662832383949	1.07674527026349	0.24983843130522	4.30976637436559	1.63427102171828e-05	0.000962215608164508
ENSMUSG00000038668	Lpar1	220.556637618971	280.732624260928	213.962941982994	551.915290896118	633.689798915669	651.794309394749	425.441933844905	1.19488366785108	0.278825825670384	4.28541246126756	1.82400460930385e-05	0.00105894072248049
ENSMUSG00000034224	Slc38a8	10.8309063116459	45.4423312652582	36.5055256463877	50.8482417716193	249.893823798508	228.890978215547	103.735301168161	2.39762027181444	0.561814857622754	4.26763414901424	1.97556971806379e-05	0.00113636226824296
ENSMUSG00000025352	Gdf11	485.421528331039	250.437736750756	262.636976178178	1539.21865196173	527.932685772274	511.189851348055	596.139571723672	1.05313443805908	0.247128278073496	4.26148899781464	2.03069353078298e-05	0.0011574025868143
ENSMUSG00000028270	Gbp2	118.155341581592	294.870238432342	382.293976908004	19.0680906643573	70.7890354104987	87.1965631297323	162.062207687754	-1.90351709802233	0.446626107276947	-4.26199245186978	2.02612288516159e-05	0.0011574025868143
ENSMUSG00000061013	Mkx	280.61893625628	622.055023542201	737.208809581217	101.696483543239	243.923664185574	279.029002015143	377.421986520609	-1.25186239340712	0.295147208463554	-4.24148478287811	2.22045946825188e-05	0.00125410746980634
ENSMUSG00000026672	Optn	789.671532903638	478.659222660719	572.933944172473	366.531076103756	212.367106231496	212.541622628722	438.784084116801	-1.17185848317857	0.276901547227216	-4.23204021397895	2.31580988777129e-05	0.00129044370621255
ENSMUSG00000040264	Gbp2b	67.9393214094153	170.661199640636	215.991026741127	4.23735348096828	15.3518390046865	33.7886682127712	84.6615680816007	-2.81218884036643	0.667680317475435	-4.21187919841579	2.53254977883334e-05	0.00139256768014968
ENSMUSG00000031326	Cdx4	134.894014972317	27.2653987591549	28.3931866138571	2217.19520891665	103.198473309281	75.2070356993941	431.025553045109	1.71829079923389	0.408691737729354	4.20436882032537	2.6181172627988e-05	0.00143330437167784
ENSMUSG00000039193	Nlrc4	386.958743679713	394.84336721591	466.459494370509	126.061266058806	146.695350489226	149.324114359666	278.390389362305	-1.41584683487774	0.339954479862872	-4.16481299334209	3.11607872601255e-05	0.00168376167351033
ENSMUSG00000036306	Lzts1	211.694987000352	237.309952163015	345.788451261616	43.4328731799249	63.1131159081555	67.5773364255425	161.486119323101	-1.8618761832356	0.44727575535139	-4.16270312208824	3.14502158450568e-05	0.00169207583697413
ENSMUSG00000075394	Hoxc4	119.139969428105	72.7077300244131	39.5476527835866	843.233342712688	246.482304019688	199.462138159263	253.428856187957	1.61858361298242	0.390427443004707	4.14567070522986	3.38820466056056e-05	0.0017996413009837
ENSMUSG00000078853	Igtp	104.370551730406	230.241145077308	267.707188073509	27.5427976262938	55.4371964058123	54.4978519560827	123.299455144902	-2.06619965345131	0.504617615650125	-4.09458486856294	4.22925477548171e-05	0.00222740751508704
ENSMUSG00000054509	Parp4	198.894824995679	210.04455340386	222.075281015525	38.1361813287145	55.4371964058123	45.7781956431094	128.394372132117	-2.0497224718568	0.503135287943189	-4.0738992493173	4.62324882455464e-05	0.00241453522293268
ENSMUSG00000022485	Hoxc5	116.186085888565	41.4030129305686	27.3791442347907	615.475593110643	174.840388664485	134.064715811963	184.891490106836	1.90185580446219	0.468724337525559	4.05751451802624	4.95977349779536e-05	0.00256879223234364
ENSMUSG00000010760	Phlda2	72.8624606419816	318.096318856807	242.356128596851	183.265538051878	769.297710123733	680.133192411912	377.668558113861	1.18849500771499	0.295096544373642	4.0274785671843	5.63782048789483e-05	0.00283785294410073
ENSMUSG00000029287	Tgfbr3	425.35922969373	345.361717615962	425.897799207856	155.722740425584	128.784871650425	132.974758772842	269.0168528944	-1.40036686376595	0.347705277571318	-4.02745357662487	5.63841956526983e-05	0.00283785294410073
ENSMUSG00000017491	Rarb	116.186085888565	17.1671029224309	11.1544661697296	25.4241208858097	127.079111761016	126.435016538112	70.5743173609438	2.88436871843309	0.717471465921815	4.02018596617947	5.81522189337274e-05	0.00290342398692314
ENSMUSG00000046634	Pkd1l1	43.3236252465836	671.536673142148	568.877774656208	20.1274290345993	287.420541365519	268.129431623927	309.902579178164	-1.27291022350493	0.316625554958022	-4.02023842855544	5.81392700817131e-05	0.00290342398692314
ENSMUSG00000049502	Dtx3l	385.9741158332	296.889897599687	389.392273561468	92.1624382110601	90.4052741387092	113.355532068652	228.029921902129	-1.54671689352055	0.385747904319474	-4.00965728186969	6.08069392545162e-05	0.003023873369621
ENSMUSG00000058897	Col25a1	34.4619746279643	150.464607967188	87.2076445997038	118.645897467112	487.847328371148	402.19414743589	213.470266744834	1.56524675402832	0.392334850703795	3.98956848014007	6.61936072668785e-05	0.00324872503170862
ENSMUSG00000019851	Perp	343.635118433129	442.305357648513	523.245867598223	154.663402055342	167.164469162142	190.742481846289	303.62611612394	-1.3071789613591	0.328388885589927	-3.98058222649906	6.87466790264022e-05	0.003351937685967
ENSMUSG00000021256	Vash1	291.449842567926	214.08387173855	171.373162062209	417.379317875375	576.546842620448	454.512085313729	354.224187029706	1.26914851837388	0.319824957530842	3.96825978864232	7.23993847192139e-05	0.00347572738486626
ENSMUSG00000038418	Egr1	145.724921283963	297.899727183359	78.0812631881069	87.9250847300918	74.200555189318	81.746777934124	127.596388251494	-1.9350496451556	0.489639903211427	-3.95198518842947	7.75055389086413e-05	0.00370660588757725
ENSMUSG00000048001	Hes5	19.6925569302653	7.06880708570683	2.02808475813265	132.417296280259	84.4351145257756	80.6568208950023	54.3831134125236	3.54593183841021	0.898159064813533	3.94799983357779	7.88068594198242e-05	0.00374017954098192
ENSMUSG00000050272	Dscam	300.311493186546	560.455418938184	548.596927074881	169.494139238731	224.307425457364	260.499732350075	343.944189374297	-1.21083501946032	0.30890656802995	-3.91974514230115	8.86426565033868e-05	0.00414396119279129
ENSMUSG00000096054	Syne1	185.110035144494	271.644158007877	274.805484726974	81.5690545086394	86.1408744151852	78.476906816759	162.957752269988	-1.72116759544076	0.440541879959328	-3.90693296991347	9.34750709624171e-05	0.00435356655131676
ENSMUSG00000009739	Pou6f1	509.052596647358	453.413483068909	566.849689898075	151.485386944616	214.925746065611	154.773899555275	341.750133696641	-1.29042272524481	0.33051994133935	-3.9042204836891	9.45295735257559e-05	0.00438631277601668
ENSMUSG00000039782	Cpeb2	296.372981800493	260.53603258748	338.690154608152	121.823912577838	93.8167939175285	79.5668638558807	198.467789891229	-1.58473689826244	0.407983077286411	-3.88432017524573	0.000102616608700886	0.00469179673921049
ENSMUSG00000070985	Acnat1	276.680424870227	303.958704685394	351.872705536014	242.588486785434	116.844552424558	104.635875755679	232.763458342884	-1.45494814541044	0.374774177322687	-3.88219955762241	0.00010351587177951	0.00470470983915585
ENSMUSG00000044288	Cnr1	119.139969428105	125.218868375378	70.9829665346427	172.672154349457	364.179736388951	360.775779949267	202.161579170967	1.5334872039915	0.397573129884681	3.85711983210813	0.000114730923949752	0.00515133594511083
ENSMUSG00000033774	Npbwr1	0.984627846513265	6.05897750203442	4.0561695162653	51.9075801418614	101.492713419872	78.476906816759	40.4961625405509	3.8936083783769	1.01523387929735	3.83518365351607	0.000125470505204924	0.00557339091091765
ENSMUSG00000066652	Lefty2	329.850328581944	2740.6774900869	2763.26548295573	110.171190505175	689.979875266187	1000.58056191368	1272.4208215516	-1.69760709344703	0.446800107203824	-3.79947781138872	0.000145001293267832	0.00637290895270804
ENSMUSG00000000120	Ngfr	33.477346781451	37.3636945958789	28.3931866138571	116.527220726628	180.810548277418	173.303169220343	94.9791943692627	2.24471227877057	0.591573771381143	3.79447566366889	0.000147955792304856	0.00645728741101125
ENSMUSG00000051379	Flrt3	297.357609647006	352.430524701669	326.521646059356	322.038864553589	672.922276372091	768.419712580765	456.615105652413	1.031313145496	0.272927191654185	3.77871160160084	0.000157641866055246	0.00678512335207441
ENSMUSG00000046733	Gprc5a	81.724111260601	8.07863666937923	5.07021189533162	226.698411231803	77.6120749681372	55.5878089952043	75.795209170076	3.04645271006126	0.808236650015358	3.76925831067345	0.000163733369600278	0.0069990408196941
ENSMUSG00000053025	Sv2b	7.87702277210612	51.5013087672926	20.2808475813265	259.537900709307	208.102706507972	191.832438885411	123.188704203903	1.95753811395142	0.520366409735923	3.76184564823243	0.000168664128560926	0.00713649373795757
ENSMUSG00000029413	Naaa	142.771037744423	125.218868375378	121.685085487959	700.222662730008	336.887578158398	284.478787210751	285.210669951153	1.31225803524911	0.353027227977988	3.71715814319834	0.00020147633691746	0.00836034800451879
ENSMUSG00000022906	Parp9	296.372981800493	292.850579264997	381.279934528938	100.637145172997	89.5523941940044	119.895274303382	213.431384877468	-1.48785283716841	0.401500899720228	-3.70572728032531	0.000210785013593296	0.00868322950386639
ENSMUSG00000052852	Reep1	275.695797023714	222.162508407929	214.976984362061	341.106955217946	494.670367928786	489.390710565622	339.667220584343	1.14719637808477	0.310115652981966	3.69925338193582	0.000216234641068538	0.00884931406497539
ENSMUSG00000078942	Naip6	314.096283037731	283.762113011945	341.732281745351	94.2811149515442	102.345593364577	105.7258327948	206.990536484325	-1.44810346736891	0.393196046139366	-3.68290444827016	0.000230591609246563	0.00934494956693376
ENSMUSG00000009075	Cabp7	975.766195894645	276.693305926239	351.872705536014	181.146861311394	98.9340735857573	136.244629890207	336.776295357376	-1.24035412075537	0.338745444659359	-3.6616112196067	0.00025063401069003	0.0100916571659128
ENSMUSG00000005251	Ripk4	495.267806796172	432.207061811789	499.922892879698	420.557332986102	206.396946618563	202.732009276627	376.180675061492	-1.07891459891524	0.296032183160084	-3.64458548863858	0.00026782310308472	0.0106389583243431
ENSMUSG00000037703	Lzts3	119.139969428105	544.298145599426	512.091401428493	63.5603022145242	220.043025733839	249.600161958859	284.788834393874	-1.21406858635794	0.333283499110992	-3.64275035996793	0.000269740411387826	0.0106547462498191
ENSMUSG00000018819	Lsp1	17.7233012372388	30.2948875101721	21.2948899603928	99.5778068027546	160.341429604503	148.234157320545	79.5777454059344	2.34885145905053	0.647075543186539	3.62994936801901	0.000283476820087195	0.0110920303082394
ENSMUSG00000030093	Wnt7a	29.5388353953979	3.02948875101721	3.04212713719897	48.7295650311352	75.0534351340228	53.407894916961	35.4668910609555	4.40780945163007	1.21664777006263	3.62291335264863	0.000291303424844339	0.0113270262362549
ENSMUSG00000059921	Unc5c	10.8309063116459	64.6290933550338	64.8987122602447	40.2548580691986	258.422623245556	233.250806372034	112.047833268952	1.92787380788444	0.532250961216048	3.62211428135287	0.000292204971004172	0.0113270262362549
ENSMUSG00000020407	Upp1	1023.02833252728	2114.58314821001	2461.08085399397	313.564157591653	892.112422161225	1135.73523476476	1323.35069154148	-1.06114170775958	0.295294699618459	-3.59350069314026	0.000326264780566776	0.0125692499723287
ENSMUSG00000026824	Kcnj3	208.741103460812	98.9632991998956	135.881678794887	61.44162547404	22.1748785623249	20.7091837433114	91.3186282058786	-2.20456497307923	0.614115385309515	-3.5898220852554	0.000330903736178206	0.0127087397999273
ENSMUSG00000022197	Pdzd2	64.0008100233622	290.830920097652	329.563773196555	52.9669185121035	104.904233198691	82.8367349732456	154.183898333602	-1.62843156539704	0.455535269530743	-3.57476506061655	0.000350542526622542	0.0133806477593351
ENSMUSG00000021087	Rtn1	86.6472504931673	75.7372187754303	39.5476527835866	164.197447387521	289.126301254929	214.721536706966	144.996234566933	1.73534942532685	0.487125040209848	3.56243116670676	0.000367436266525949	0.013897998420536
ENSMUSG00000020205	Phlda1	40.3697417070439	172.680858807981	153.120399239015	169.494139238731	435.821651744155	416.363588944471	231.308396613566	1.30328046540604	0.369587124476623	3.52631457941515	0.000421386118315768	0.0158425949663175
ENSMUSG00000000861	Bcl11a	215.633498386405	185.808643395722	253.510594766581	11.6527220726628	55.4371964058123	55.5878089952043	129.605077337065	-1.74298128489793	0.496083776913269	-3.51348172629853	0.000442274834273839	0.0164790283027046
ENSMUSG00000042244	Pglyrp3	0	9.08846625305163	0	23.3054441453255	120.256072203377	81.746777934124	39.0661267559798	3.4755063930816	0.990441572033499	3.50904736959491	0.00044971480118035	0.0167063694890867
ENSMUSG00000031906	Smpd3	163.448222521202	90.8846625305163	77.0672208090406	343.225631958431	255.011103466736	241.970462685007	195.267883995155	1.45144396465958	0.41375644568162	3.50796701733184	0.000451545028670181	0.0167245847117543
ENSMUSG00000043629	1700019D03Rik	554.345477586968	141.376141714137	163.260823029678	48.7295650311352	51.1727966822883	40.3284104475012	166.535535748618	-1.62202467056784	0.462642836408371	-3.50599759235458	0.000454899334757232	0.0167989748415378
ENSMUSG00000035580	Kcnh8	126.032364353698	165.612051722274	195.7101791598	70.9756708062187	47.761276903469	40.3284104475012	107.736658898827	-1.90768638208091	0.546215224093618	-3.49255439601945	0.000478424141861977	0.0176156051289711
ENSMUSG00000033590	Myo5c	328.86570073543	351.420695117996	349.844620777882	176.909507830426	156.929909825684	137.334586929328	250.217503536124	-1.25432866171717	0.359915515742212	-3.48506415215391	0.000492019063611919	0.0179572571696023
ENSMUSG00000029298	Gbp9	76.8009720280346	257.506543836463	282.917823759504	27.5427976262938	77.6120749681372	85.0166490514889	134.566143544987	-1.66424308602668	0.478808424676303	-3.47580159466029	0.000509328942258385	0.0184809414455499
ENSMUSG00000027536	Chmp4c	219.572009772458	262.555691754825	273.791442347907	75.213024287187	89.5523941940044	98.0961335209488	169.796782646222	-1.48589126731745	0.431070484462649	-3.44697983479357	0.000566890893378035	0.0204193884438279
ENSMUSG00000026579	F5	32.4927189349377	275.683476342566	301.170586582698	27.5427976262938	95.5225538069381	80.6568208950023	135.511492364739	-1.64387833714358	0.478591289426609	-3.43482711336656	0.000592931976247862	0.0212062376146872
ENSMUSG00000058099	Nfam1	7.87702277210612	27.2653987591549	13.1825509278622	138.773326501711	144.136710655112	122.075188381625	75.5516996662619	2.28828979484709	0.670225063536907	3.41421101558234	0.000639670123717559	0.0227474714650785
ENSMUSG00000059991	Nptx2	117.170713735078	409.990810970996	554.681181349279	120.764574207596	145.842470544522	199.462138159263	257.985314827789	-1.2511152251129	0.367927581055042	-3.40043880789065	0.000672777922705937	0.0235888034584705
ENSMUSG00000025207	Sema4g	137.847898511857	271.644158007877	228.159535289923	199.155613605509	534.755725329912	600.566328556031	328.688209883518	1.06273618636545	0.314615192116044	3.37789214569608	0.000730437234113748	0.0253964277331694
ENSMUSG00000019913	Sim1	3.93851138605306	7.06880708570683	11.1544661697296	21.1867674048414	93.8167939175285	68.6672934646642	34.3054399047539	3.52391039037859	1.04900643090668	3.35928387715678	0.000781447486569831	0.0267233630886702
ENSMUSG00000038253	Hoxa5	412.559067689058	238.319781746687	136.895721173954	230.935764712771	522.815406104045	466.501612744068	334.671225695097	1.05418625439321	0.314389558005046	3.35312108036453	0.000799057423292043	0.0270278580430946
ENSMUSG00000033453	Adamts15	358.404536130828	273.663817175221	314.35313751056	87.9250847300918	110.874392811625	110.085660951287	209.217771551602	-1.30851344954371	0.390722322688658	-3.34896005055329	0.000811154906901864	0.0272906618543102
ENSMUSG00000036961	Wnt8b	9.84627846513265	46.4521608489306	10.1404237906632	49.7889034013773	181.663428222123	203.821966315749	83.618860173996	2.05239473252264	0.615023134790219	3.33710167378126	0.000846569727497597	0.0283294459480563
ENSMUSG00000021217	Tshz3	245.172333781803	77.7568779427751	87.2076445997038	277.546653003422	217.484385899725	201.642052237506	184.468324577489	1.43091831516804	0.429603389884014	3.33078916242808	0.000866001671081222	0.0289022268942134
ENSMUSG00000039476	Prrx2	13.7847898511857	32.3145466775169	20.2808475813265	15.890075553631	158.635669715094	159.133727711761	66.6732761817525	2.29771045032984	0.690621396966273	3.327018914304	0.00087780415090387	0.0292115117828972
ENSMUSG00000005968	Tuft1	79.7548555675744	128.248357126395	83.1514750834385	115.467882356386	312.154059761958	359.685822910146	179.743742134316	1.3885047995163	0.421688429087282	3.29272681852245	0.00099220829726336	0.0321681661466007
ENSMUSG00000049493	Pls1	273.726541330688	263.565521338497	267.707188073509	137.713988131469	93.8167939175285	112.26557502953	191.46593463687	-1.35750117603634	0.412202122047225	-3.29329012013388	0.000990222398489311	0.0321681661466007
ENSMUSG00000023990	Tfeb	54.1545315582296	93.9141512815335	125.741255004224	21.1867674048414	17.9104788388009	14.1694415085815	54.5127709327018	-2.5441659288113	0.773200700240063	-3.29043407231962	0.00100032939618604	0.0323474391792595
ENSMUSG00000038507	Parp12	256.987867939962	325.165125942514	390.406315940535	119.705235837354	144.989590599817	132.974758772842	228.371482505504	-1.22514778444542	0.373340742588158	-3.28158072422575	0.00103226972116066	0.0330379247680189
ENSMUSG00000030342	Cd9	353.481396898262	514.003258089253	544.540757558616	212.927012418656	233.689104849116	280.118959054265	356.460081478028	-1.00246735050041	0.30697577313073	-3.26562366885382	0.00109223300347549	0.0345881368994069
ENSMUSG00000032537	Ephb1	64.0008100233622	162.582562971257	101.404237906632	129.239281169533	371.00277594659	416.363588944471	207.432209493641	1.27532340031629	0.390913081107048	3.2624219089948	0.00110464602793628	0.0346436977907051
ENSMUSG00000046743	Fat4	17.7233012372388	312.037341354773	314.35313751056	47.6702266608931	112.580152701034	115.535446146895	153.316600935232	-1.45224232300061	0.445060195301984	-3.26302450394431	0.00110229988499591	0.0346436977907051
ENSMUSG00000033032	Afap1l1	101.416668190866	34.3342058448617	38.5336104045203	275.427976262938	127.931991705721	112.26557502953	114.985004573073	1.80758278492985	0.558898778872316	3.23418632006495	0.00121989843547076	0.0375043652008523
ENSMUSG00000026896	Ifih1	79.7548555675744	203.985575901826	291.030162792035	10.5933837024207	59.7015961293363	69.7572505037858	119.13713743283	-1.65823313148719	0.512986662896905	-3.23250729779781	0.00122709001537291	0.037632770446891
ENSMUSG00000021848	Otx2	81.724111260601	219.133019656912	257.566764282846	25.4241208858097	57.9958362399267	79.5668638558807	120.235119363663	-1.67594370264954	0.518958292932857	-3.22943813688391	0.00124033712632497	0.0377607024653373
ENSMUSG00000038192	Cer1	3.93851138605306	174.700517975326	165.288907787811	0	23.8806384517345	47.9581097213527	69.2944475537128	-2.29121000436857	0.7101203723028	-3.22650932677591	0.00125310147877013	0.0378721856126121
ENSMUSG00000053367	Epp13	315.080910884245	157.533415052895	204.836560571397	67.7976556954925	54.5843164611075	53.407894916961	142.206792263683	-1.54430768815992	0.480065864126744	-3.21686627514971	0.00129598989364327	0.038723857633125
ENSMUSG00000031297	Slc7a3	868.441760624699	207.015064652843	240.328043838719	241.529148415192	98.0811936410525	92.6463483253405	291.340259916308	-1.11701660178776	0.347913464688482	-3.21061618810275	0.00132450711458686	0.0393030922640014
ENSMUSG00000035109	Shc4	435.205508158863	230.241145077308	346.802493640683	239.410471674708	104.051353253986	97.0061764818271	242.119524714562	-1.19429301615875	0.372010891360385	-3.21037110443572	0.00132563706482491	0.0393030922640014
ENSMUSG00000067586	S1pr3	5.90776707907959	139.356482546792	68.95488177651	156.782078795826	330.064538600759	379.305049614335	180.06179973555	1.34713083397875	0.419550079777632	3.21089400028895	0.00132322734527572	0.0393030922640014
ENSMUSG00000034903	Cobll1	153.601944056069	269.624498840532	343.760366503484	79.4503777681552	92.1110340281189	116.625403186017	175.862270730396	-1.37232953584869	0.430431576907777	-3.18826408068738	0.00143129753361943	0.0422351201291672
ENSMUSG00000049521	Cdc42ep1	311.142399498192	65.6389229387062	83.1514750834385	367.590414473998	173.134628775075	164.58351290737	194.206892279463	1.36368568897135	0.428103009908423	3.18541485906174	0.00144546629960002	0.0424524949449588
ENSMUSG00000031910	Has3	75.8163441815214	278.712965093583	326.521646059356	99.5778068027546	101.492713419872	113.355532068652	165.91283460429	-1.37684062347344	0.433503836082796	-3.17607483226625	0.00149282437252422	0.043638018308776
ENSMUSG00000066026	Dhrs3	43.3236252465836	28.2752283428273	10.1404237906632	215.04568915914	107.462873032805	118.80531726426	87.17552613938	1.99973035365942	0.631314817878247	3.16756441798755	0.0015372164946586	0.0447261918096237
ENSMUSG00000024713	Pcsk5	24.6156961628316	48.4718200162754	34.477440888255	166.316124128005	159.488549659798	175.483083298586	101.475452358959	1.78829486530173	0.566479969941775	3.15685454065664	0.00159480880005086	0.0461865509100575
ENSMUSG00000108900	Ccdc194	425.35922969373	88.8650033631715	142.979975448352	62.5009638442821	16.2047189493913	34.8786252518929	128.46475275847	-1.81873576852861	0.577768022456361	-3.14786505628387	0.00164467599451068	0.047301487934291
