gene_id	gene_short_name	60h_WT_rep1	60h_WT_rep2	60h_WT_rep3	66h_WT_rep1	66h_WT_rep2	66h_WT_rep3	baseMean	log2FoldChange	lfcSE	stat	pvalue	padj
ENSMUSG00000062327	T	1063.23837952673	2581.24581790255	1389.17526605155	8239.86063789606	15516.236432211	16707.405450537	7582.86033068749	2.77283598798843	0.119439791099713	23.2153452585458	3.18689331685186e-119	3.97819892742618e-115
ENSMUSG00000018924	Alox15	310.177812974714	293.180751112932	264.980671690027	1522.03488088645	1190.07587683625	1306.03882098815	814.414802414754	2.18211119239746	0.11900413894306	18.336431083641	4.23717140157758e-75	2.64463053029465e-71
ENSMUSG00000037010	Apln	132.704940602584	278.835515584471	230.02577457347	804.403642748925	1313.38221768715	1456.2424441593	702.599089225984	2.42638234379751	0.132690218003337	18.2860679582008	1.0685010902664e-74	4.44603303659847e-71
ENSMUSG00000005503	Evx1	39.9713676513807	171.246249121009	96.9716500652864	476.075625300384	1208.17589017216	1226.35763064736	536.466402159597	3.08034809749338	0.173728427927651	17.7308235286408	2.42456748388898e-70	7.56646897534654e-67
ENSMUSG00000024619	Cdx1	204.653402375069	129.107119756154	56.378866317027	1476.30347845612	634.631717590433	801.391282163135	550.410977776323	2.65530027156029	0.159844167034513	16.6118058658153	5.72436801206121e-62	1.4291457178912e-58
ENSMUSG00000006445	Epha2	1871.45943343764	2257.58144129163	1519.97423590705	4564.93204259704	4685.64095233436	5171.95036614311	3345.25641195181	1.19496975243772	0.0744418289340785	16.0523964758566	5.49987706029293e-58	1.14424942239394e-54
ENSMUSG00000032232	Cgnl1	1906.63423697086	1494.59422662159	1547.03609173922	780.951641502601	657.256734260324	666.757546759729	1175.53841297572	-1.2229007031495	0.0944195735310808	-12.9517710938077	2.29595167653971e-38	3.58254559728064e-35
ENSMUSG00000081683	Fzd10	819.413036853304	1012.23568197707	776.900777848632	2297.12352207747	2084.89528613043	2334.56728941009	1554.18926571617	1.28024713654038	0.10144958653825	12.6195402093402	1.64780541463017e-36	2.05695549908284e-33
ENSMUSG00000055799	Tcf7l1	1698.78312518368	1819.15518045303	1966.4948571379	662.519035208663	862.013135122834	805.05478516731	1302.3366863789	-1.22272515976542	0.0970685327564497	-12.5965142878311	2.20683596815773e-36	2.50435758095572e-33
ENSMUSG00000102918	Pcdhgc3	400.513103866835	672.432915396634	412.693301440638	1071.75645695702	1416.32604353516	1492.87747420104	911.099882566221	1.23979008337657	0.111921136006561	11.0773543551585	1.61576559704517e-28	1.34464012986099e-25
ENSMUSG00000020902	Ntn1	401.312531219862	547.808681743125	387.886600261146	1083.48245758019	1144.82584349647	1230.93700940258	799.375520617227	1.25026765636392	0.118493923523634	10.551322963954	5.00868143430931e-26	3.9077106465302e-23
ENSMUSG00000036913	Trim67	346.951471213984	405.252903679038	310.083764743648	746.946239695431	989.844479307717	1031.27609567507	638.392492385816	1.22813411296075	0.123692185387239	9.92895476068978	3.11503644185268e-23	1.94424999518235e-20
ENSMUSG00000025219	Fgf8	268.607590617278	390.011090930048	329.252579291438	629.686233463809	944.594445967935	862.754957483055	570.817816292261	1.21873604739714	0.128952452663644	9.45104976464512	3.35449366592565e-21	1.82061497529347e-18
ENSMUSG00000048528	Nkx1-2	1333.44482485006	1361.90079798332	970.844077979205	5486.59569157758	3707.10898136159	4240.50472733179	2850.06651684726	1.75515822743526	0.194730124225449	9.01328561472713	1.99973619011952e-19	8.05248608427806e-17
ENSMUSG00000018973	Hoxb1	769.049113612564	104.002957581346	72.1649488857946	1744.82889272653	255.662688369765	279.342104068293	537.508450874049	1.26258056808505	0.142866450215917	8.83748820088188	9.7894576212882e-19	3.70308483292547e-16
ENSMUSG00000000184	Ccnd2	438.88561681216	593.534119990096	382.248713629443	2236.14831883703	1852.98886526405	2205.42880851295	1284.87240717429	2.01642537865444	0.231348392806262	8.71596882172011	2.88282650655401e-18	1.05842127297981e-15
ENSMUSG00000029287	Tgfbr3	546.00888211786	1499.07711272423	1048.6469134967	1497.41027957781	2496.67058952244	2433.4818705228	1586.88260799364	1.0164507615966	0.127357060840235	7.98111039066536	1.45022691483128e-15	3.93547447344323e-13
ENSMUSG00000037306	Man1c1	147.894060310109	233.1100773375	157.860825687676	367.023819504976	572.412921748234	517.469799339625	332.62858398802	1.25983956567929	0.16435435307271	7.66538605230579	1.78294095681521e-14	4.28008691613928e-12
ENSMUSG00000057777	Mab21l2	36.7736582392702	114.761884227692	75.5476808648162	161.818808599638	326.93149087992	359.023294409085	179.14280287007	1.78469399326189	0.237269346058919	7.52180601036731	5.4024704195924e-14	1.22616433177767e-11
ENSMUSG00000029646	Cdx2	95.9312823633137	165.866785797836	105.992268676011	429.171622807736	371.050273386207	408.480584965438	262.748802999424	1.6160433002125	0.217800673397244	7.41982692250457	1.17273483144055e-13	2.4812286272665e-11
ENSMUSG00000051851	Rtl8c	338.957197683708	420.494716428028	338.273197902162	785.642041751866	727.394285936985	791.316648901656	567.013014767401	1.00607786417007	0.135968372142432	7.39935213106887	1.36850515464677e-13	2.80049997466486e-11
ENSMUSG00000035934	Pknox2	28.7793847089941	41.2425521443269	27.061855832173	160.646208537322	154.981364188751	208.819671237937	103.588506108251	2.28638259908176	0.312501126284113	7.31639794796474	2.54715566315803e-13	5.12841034567769e-11
ENSMUSG00000047751	Utf1	2985.86116355814	1278.51911647413	2319.42656028249	966.222451348563	613.137951754037	554.104829381368	1452.87867879979	-1.34901821680834	0.185880067844117	-7.25746570062398	3.94409951684833e-13	7.57449142597196e-11
ENSMUSG00000009900	Wnt3a	6.39541882422091	4.48288610264423	3.38273197902162	55.1122029288622	124.437591684399	127.306729395058	53.519593485701	3.99462510337666	0.55392494393805	7.2114916417691	5.53422456705203e-13	1.04672311015925e-10
ENSMUSG00000025969	Nrp2	130.306658543501	208.902492383221	140.947165792567	306.048616264533	480.781604235177	486.330023804143	292.21942683719	1.21948899911429	0.171553449471769	7.10850759847278	1.1730444149468e-12	2.15339903408542e-10
ENSMUSG00000055322	Tns1	55.1604873589053	73.5193320833653	46.2306703799621	291.977415516738	209.281404196489	209.735546988981	147.65080942074	1.89277352960275	0.268142918880859	7.05882347183571	1.67918225285422e-12	2.9522862059689e-10
ENSMUSG00000068923	Syt11	445.281035636381	316.491758846682	487.113404979113	196.996810469125	117.650086683431	134.633735403407	283.027805336357	-1.2592177170353	0.179052107995397	-7.0326885906737	2.02591195706121e-12	3.41749445405339e-10
ENSMUSG00000026497	Mixl1	69.5501797134024	185.591484649471	102.609536696989	340.054018071703	2255.7141619881	2288.77350185791	873.715480496263	3.0415113516881	0.440855630234851	6.89910969282129	5.23294539618825e-12	8.26871612412886e-10
ENSMUSG00000015599	Ttbk1	175.074590313047	168.556517459423	196.198454783254	49.2492026172811	37.3312775053196	43.0461602990484	111.576033829562	-1.96682168675777	0.285411165214433	-6.89118691372874	5.53287820172041e-12	8.63336482400948e-10
ENSMUSG00000036661	Dennd3	95.9312823633137	174.832558003125	128.543815202822	226.31181202703	408.381550891527	449.694993762399	247.282668708369	1.27307302340847	0.18920116012963	6.7286745099038	1.71215569573091e-11	2.51445171174223e-09
ENSMUSG00000030717	Nupr1	282.197855618748	61.8638282164903	85.695876801881	63.3204033650758	10.1812575014508	11.9063847635666	85.8609343778687	-2.30632057999697	0.347446349992074	-6.63791857375845	3.18143517071367e-11	4.51293809500213e-09
ENSMUSG00000023868	Pde10a	122.312385013225	232.213500116971	109.375000655032	317.774616887695	470.600346733726	483.582396551012	289.30970765961	1.17498486513364	0.177249009832284	6.62900665140774	3.37953356089984e-11	4.74008061131603e-09
ENSMUSG00000060985	Tdrd5	236.630496496174	290.491019451346	251.44974377394	564.020629974101	521.50663424098	525.712681099017	398.301867505926	1.02155775008049	0.1563376916802	6.53430237520814	6.390671705762e-11	8.14028111255378e-09
ENSMUSG00000024837	Dmrt1	365.338300333619	112.072152566106	139.819588466227	93.8080049852974	41.8562808392977	38.4667815438305	131.893518122396	-1.70939125478011	0.267046197605072	-6.40110688753594	1.54254532399949e-10	1.88780326269467e-08
ENSMUSG00000027860	Vangl1	132.704940602584	254.627930630192	180.412372214486	263.835014021149	526.031637574958	580.665226161632	323.0461868675	1.06973159340383	0.167342208053485	6.39247925461779	1.63217377182341e-10	1.97809953336618e-08
ENSMUSG00000019960	Dusp6	1036.85727687682	1082.16870517832	1035.11598558062	1755.38229328738	2581.51440203453	2543.38696064803	1672.40427060095	1.03393509642768	0.167572222384744	6.17008643624584	6.82526709073587e-10	7.22032280454711e-08
ENSMUSG00000022101	Fgf17	12.7908376484418	34.966511600625	18.0412372214486	76.2190040505542	142.537605020311	137.381362656538	70.322759699653	2.21388896064924	0.371342897951542	5.96184543413065	2.49405010470446e-09	2.49065819656206e-07
ENSMUSG00000071856	Mcc	669.120694484113	848.162050620288	496.134023589838	1810.49449621624	1564.51990272294	1574.39041604392	1160.47026394622	1.11931637234206	0.19085719561249	5.86467997054029	4.49999775352437e-09	4.32103630440343e-07
ENSMUSG00000031217	Efnb1	76.7450258906509	39.4493977032692	30.4445878111946	223.966611902398	123.306340850904	154.783001926366	108.115827680797	1.68816136422215	0.289277265440533	5.83578997005275	5.35363006164907e-09	5.10147817248591e-07
ENSMUSG00000075588	Hoxb2	132.704940602584	4.48288610264423	12.4033505897459	452.62362405406	35.0687758383305	45.7937875521792	113.846227456591	2.18957671226942	0.37579116077861	5.82657853828385	5.65752485083302e-09	5.35021838734459e-07
ENSMUSG00000062393	Dgkk	119.114675601114	143.452355284615	82.3131448228594	316.602016825379	279.41895587315	312.313631105862	208.86912991883	1.20157199884167	0.206812475997629	5.80995896425248	6.24881572388687e-09	5.8649599008481e-07
ENSMUSG00000007097	Atp1a2	17.5874017666075	65.4501370986057	34.9548971165567	89.1176047360326	186.656387526598	191.418031968109	97.5307433687516	1.81822610616401	0.319233385395932	5.6956013667209	1.22937816854611e-08	1.11205273028704e-06
ENSMUSG00000030491	Tdrd12	524.424343586115	244.765581204375	297.680414153903	238.037812650192	127.831344184882	127.306729395058	260.007704195754	-1.03093471844358	0.182404760607862	-5.6519068636586	1.58677568089557e-08	1.37553616837635e-06
ENSMUSG00000044647	Csrnp3	179.871154431213	254.627930630192	146.58505242427	512.426227232187	437.794072562384	413.9758394717	324.213379458658	1.06413815507933	0.190560224009689	5.58426167165517	2.34695114753431e-08	1.95313274497806e-06
ENSMUSG00000026447	Pik3c2b	122.312385013225	138.072891961442	103.73711402333	246.246013086406	303.175223376535	326.051767371516	206.599232472076	1.11238160000088	0.20246837966934	5.49410037171018	3.92707104550584e-08	3.1626856684548e-06
ENSMUSG00000006649	Nphs1	834.602156560829	332.630148816202	252.577321100281	320.119817012327	223.987665031918	188.670404714978	358.764585539422	-1.00234876920916	0.182618904471801	-5.48874593300353	4.047973732533e-08	3.23915744251343e-06
ENSMUSG00000049090	Zadh2	95.9312823633137	98.623494258173	91.3337634335837	268.525414270414	194.57514336106	222.557807503591	161.924484198356	1.2582834728322	0.23482874426073	5.35830260811311	8.40074510303325e-08	6.24205363816453e-06
ENSMUSG00000024868	Dkk1	13.5902650014694	50.2083243496153	34.9548971165567	102.016205421511	144.8001066873	133.717859652363	79.8812763714693	1.99682287552067	0.375437636669313	5.31865396670253	1.0453773591909e-07	7.51635675942776e-06
ENSMUSG00000085795	Zfp703	126.309521778363	104.002957581346	68.7822169067729	297.840415828319	205.887651696005	252.781707288029	175.934078513139	1.18550643218437	0.222912890591562	5.31824978375316	1.04770173527231e-07	7.51635675942776e-06
ENSMUSG00000025085	Ablim1	75.9455985376233	195.453834075288	137.564433813546	170.027009035852	348.425256716316	418.555218226918	224.328558400924	1.04570008655887	0.203957607034785	5.1270462610425	2.9432321593612e-07	1.91356078360968e-05
ENSMUSG00000040629	Mael	378.129137982061	121.037924771394	172.519330930103	116.087406169306	42.9875316727923	69.6065570793123	150.061314767495	-1.374390817817	0.268757738822086	-5.11386508846479	3.15632824952982e-07	2.03095080097324e-05
ENSMUSG00000028109	Hormad1	277.401291500582	74.4159093038942	87.9510314545621	66.8382035520244	31.6750233378469	31.1397755354818	94.9035391140652	-1.62635527007706	0.320129870058418	-5.08029841070524	3.76842438704978e-07	2.36388148862022e-05
ENSMUSG00000058571	Gpc6	57.5587694179882	83.3816815091826	64.2719076014108	151.265408038792	183.262635026114	209.735546988981	124.912658097078	1.30299027816026	0.260967680316142	4.99291819041264	5.94737541532241e-07	3.58652595697921e-05
ENSMUSG00000050917	Fgf4	382.126274747199	151.521550269375	198.453609435935	123.123006543203	90.5000666795627	73.2700600834867	169.832427959794	-1.22733211469552	0.246170822407938	-4.98569287249515	6.17401537165021e-07	3.67001113734807e-05
ENSMUSG00000057880	Abat	38.3725129453255	93.2440309349999	43.9755157272811	120.77780641857	201.362648362027	217.978428748373	119.285157189429	1.35653049864701	0.273129534252214	4.96661960179802	6.81300416502921e-07	4.01163825434244e-05
ENSMUSG00000027966	Col11a1	45.567359122574	121.934501991923	98.099227391627	144.229807664895	242.08767836783	245.45470127968	149.562212636422	1.25278726961376	0.252486259376455	4.96180375402474	6.98415418016012e-07	4.05503240143901e-05
ENSMUSG00000030117	Gdf3	417.301078280414	147.935241387259	202.963918741297	200.514610656073	72.4000533436501	67.7748055772252	184.814951330987	-1.06916174116411	0.215688880360449	-4.95696272973078	7.16037054718703e-07	4.13809747872851e-05
ENSMUSG00000020717	Pecam1	458.87130063785	116.55503866875	115.012887286735	151.265408038792	57.6937925082212	68.6906813282688	161.34818474477	-1.22067616808614	0.250963566520825	-4.86395768520785	1.15061522280366e-06	6.35536717976021e-05
ENSMUSG00000037025	Foxa2	18.3868291196351	42.1391293648557	15.7860825687676	37.523201994119	194.57514336106	185.922777461847	82.3888606450474	1.75640259765933	0.361877838900278	4.85357877397775	1.21253145027833e-06	6.62666421050301e-05
ENSMUSG00000021536	Adcy2	35.174803533215	57.3809421138461	51.8685570116648	132.503807041733	133.487598352355	138.297238407581	91.4521577433991	1.5207048074817	0.314679301576922	4.83255428577964	1.34792339919871e-06	7.16005437965853e-05
ENSMUSG00000039838	Slc45a1	138.300932073777	92.3474537144711	108.247423328692	43.3862023057001	31.6750233378469	30.2238997844382	74.0301557574875	-1.61932683195698	0.337648881689818	-4.79588981267403	1.61954291608096e-06	8.38869469769239e-05
ENSMUSG00000060499	Rpl10l	310.177812974714	145.245509725673	175.902062909124	158.301008412689	62.2187958421993	54.0366693115714	150.980309862662	-1.16095038551609	0.242371223317452	-4.78996792451514	1.66807975547989e-06	8.56898748463187e-05
ENSMUSG00000030862	Cpxm2	19.9856838256903	29.5870482774519	24.8067011794919	77.3916041128704	90.5000666795627	108.989214374186	58.5433864082089	1.83779657138395	0.388502667229511	4.73046062846786	2.24010970090175e-06	0.000111407527475524
ENSMUSG00000039329	Tex19.1	411.705086809221	147.038664166731	197.326032109594	141.884607540262	75.7938058441337	93.4193266064455	177.861253846065	-1.13209526531052	0.242067126040474	-4.67678236127458	2.91411249440635e-06	0.000141544226722469
ENSMUSG00000024697	Gna14	69.5501797134024	113.865307007163	76.6752581911567	131.331206979416	282.812708373633	254.613458790116	154.808019842481	1.10866938096496	0.23736203053465	4.67079498126857	3.00036283372761e-06	0.000144052035590084
ENSMUSG00000040387	Klhl32	21.5845385317456	24.2075849542788	32.6997424638757	63.3204033650758	84.84381251209	126.390853644014	58.8411559118467	1.88129351691851	0.408130837850292	4.60953533143358	4.0356994795244e-06	0.000186583839270011
ENSMUSG00000025726	Slc28a1	163.083180017633	80.6919498475961	112.757732634054	37.523201994119	31.6750233378469	38.4667815438305	77.3663115625133	-1.59663255544466	0.35256910363886	-4.52856628378903	5.9385252858915e-06	0.000261023278675295
ENSMUSG00000005125	Ndrg1	53.5616326528501	69.9330232012499	43.9755157272811	80.909404299819	276.025203372666	254.613458790116	129.83637300733	1.37319713106683	0.303459922932861	4.52513504187058	6.0356953398038e-06	0.000263439108135562
ENSMUSG00000042078	Svop	57.5587694179882	147.935241387259	92.4613407599243	200.514610656073	242.08767836783	261.024589047421	166.930371606083	1.17279311510826	0.259826616236504	4.51375279444328	6.36904510917161e-06	0.000275103079923146
ENSMUSG00000060240	Cend1	225.438513553787	140.762623623029	198.453609435935	97.3258051722461	74.6625550106392	54.952545062615	131.932608643042	-1.16453628150199	0.259182667369776	-4.49311018101589	7.01904453170873e-06	0.000300064153730548
ENSMUSG00000067261	Foxd3	66.3524703012919	36.7596660416827	75.5476808648162	5.86300031158109	11.3125083349453	7.32700600834867	33.8603886437776	-2.5793570683048	0.574525978653383	-4.48953948845009	7.13773150820003e-06	0.000304096595279389
ENSMUSG00000032698	Lmo2	37.5730855922978	76.2090637449519	59.7615982960486	91.462804860665	187.787638360093	178.595771453499	105.231660384592	1.27205942552267	0.283633942647298	4.48486317839783	7.29607364038539e-06	0.000309785330792282
ENSMUSG00000020256	Aldh1l2	222.240804141677	81.5885270681249	93.5889180862648	65.6656034897082	35.0687758383305	39.3826572948741	89.5892143198299	-1.41748762508157	0.317044807344703	-4.47093783668383	7.78773342345111e-06	0.000328426609205879
ENSMUSG00000015843	Rxrg	83.9398720678994	92.3474537144711	102.609536696989	153.610608163425	212.675156696972	226.221310507765	145.233989641254	1.08844571046189	0.243567535376952	4.46876349418812	7.86730578186777e-06	0.000330665246043958
ENSMUSG00000010066	Cacna2d2	56.7593420649606	138.969469181971	86.8234541282216	112.569605982357	291.86271504159	278.426228317249	160.901802452725	1.01819051549383	0.230304535428857	4.42106150275256	9.82172110105254e-06	0.000401982113129308
ENSMUSG00000039224	D1Pas1	241.427060614339	118.348193109808	153.350516382313	116.087406169306	48.6437858402649	51.2890420584407	121.524334029079	-1.15682692664268	0.263333110343732	-4.39301736546787	1.1178819413763e-05	0.00044564731758108
ENSMUSG00000040013	Fkbp6	227.037368259842	69.0364459807211	96.9716500652864	87.9450046737163	29.4125216708579	23.8127695271332	89.0359600295929	-1.37585640105363	0.314354519988761	-4.37676671899873	1.20452771543436e-05	0.000474325535386975
ENSMUSG00000034701	Neurod1	242.226487967367	118.348193109808	144.329897771589	102.016205421511	52.0375383407485	59.5319238178329	119.748374404809	-1.15660938847116	0.264786108963549	-4.36808937220487	1.25338205750765e-05	0.000488936506995873
ENSMUSG00000041075	Fzd7	2184.03552847144	2072.88653386269	2196.52063171137	841.926844743044	1322.43222435511	1088.97626799082	1617.79633852241	-1.03883290893786	0.241603126707291	-4.29974944072819	1.70991320499101e-05	0.000637159598146353
ENSMUSG00000006958	Chrd	58.3581967710158	108.48584368399	96.9716500652864	111.397005920041	270.368949205193	216.146677246286	143.621387148635	1.07183169730621	0.251563788629901	4.26067560495792	2.0380987298352e-05	0.000745417824004752
ENSMUSG00000044338	Aplnr	1.59885470605523	3.58630888211538	0	5.86300031158109	66.7437991761775	64.1113025730508	23.65054427483	3.51906808896698	0.830816338803982	4.23567511206258	2.27866043102244e-05	0.000808082902285599
ENSMUSG00000050272	Dscam	32.7765214741322	37.6562432622115	42.8479384009405	111.397005920041	83.7125616785955	100.746332614794	68.1894338917858	1.49878653853966	0.357865087865982	4.18813287285779	2.81258838964026e-05	0.00097526502410776
ENSMUSG00000067702	Tuba3a	244.62477002645	111.175575345577	125.1610832238	102.016205421511	62.2187958421993	45.7937875521792	115.165036235286	-1.14657886808565	0.275598832362607	-4.16031830852275	3.17804355835695e-05	0.00108689089695808
ENSMUSG00000046982	Tshz1	28.7793847089941	19.7246988516346	23.6791238531513	137.194207290997	47.5125350067704	53.1207935605278	51.6684572120126	1.77862963359283	0.428546412581293	4.15037807195606	3.31926548643225e-05	0.0011320871876266
ENSMUSG00000032511	Scn5a	44.7679317695464	165.866785797836	151.095361729632	17.5890009347433	63.3500466756939	65.0271783240944	84.6160508719244	-1.36247822424551	0.328622038211087	-4.14603424548885	3.38283254068467e-05	0.00115034512345229
ENSMUSG00000041734	Kirrel	35.174803533215	69.0364459807211	52.9961343380054	97.3258051722461	140.275103353322	161.194132183671	92.6670707601967	1.26322749473046	0.304725063467595	4.14546634384339	3.39122811367816e-05	0.00115034512345229
ENSMUSG00000031841	Cdh13	8.79370088330375	26.0007393953365	20.2963918741297	37.523201994119	88.2375650125736	87.0081963491404	44.6432992514338	1.87539375078687	0.453227703567575	4.13786212984055	3.50556900637058e-05	0.00118590834435024
ENSMUSG00000015133	Lrrk1	99.9284191284517	84.2782587297115	72.1649488857946	194.651610344492	181.000133359125	169.437013943063	133.576730731773	1.01370105221102	0.246411571012282	4.11385329043861	3.89108784052031e-05	0.00129872859661003
ENSMUSG00000019775	Rgs17	64.7536155952367	121.037924771394	122.905928571119	157.128408350373	196.837645028049	228.968937760896	148.605410012845	1.00237304845889	0.24671732687614	4.06284009781815	4.847924009563e-05	0.00158836313415682
ENSMUSG00000031673	Cdh11	27.1805300029389	31.3802027185096	31.5721651375351	51.5944027419136	125.568842517893	128.222605146102	65.919791377482	1.5575713597396	0.383457525180357	4.06191366046868	4.8672079540234e-05	0.00159050672487105
ENSMUSG00000027855	Sycp1	195.859701491765	39.4493977032692	55.2512889906865	36.3506019318028	21.4937658363961	17.4016392698281	60.9677325372913	-1.69279753223772	0.420195294479116	-4.02859707016985	5.61106922340682e-05	0.0018040226482366
ENSMUSG00000004043	Stat5a	50.3639232407397	78.0022181860095	56.378866317027	96.1532051099299	199.100146695038	173.100516947237	108.84981274933	1.12316644644383	0.280704486298377	4.00124152362124	6.30110007474576e-05	0.00197629729228772
ENSMUSG00000030041	M1ap	64.7536155952367	100.416648699231	77.8028355174973	218.103611590817	157.24386585574	166.689386689932	130.834993991409	1.13218578664399	0.285055803578788	3.97180402022954	7.13303924843796e-05	0.0021770593872433
ENSMUSG00000000544	Gpa33	145.495778251026	79.7953726270672	69.9097942331135	48.0766025549649	40.7250300058032	28.3921482823511	68.7324543257209	-1.38467811502684	0.354291960985882	-3.90829673688819	9.29491010054705e-05	0.00272367048791382
ENSMUSG00000009596	Taf7l	146.295205604053	26.0007393953365	29.317010484854	37.523201994119	10.1812575014508	5.4952545062615	42.4687782476792	-1.86555743347993	0.479335888041554	-3.89196277604444	9.94365038092395e-05	0.002906945847894
ENSMUSG00000025480	Syce1	138.300932073777	71.7261776423076	93.5889180862648	56.2848029911785	30.5437725043524	24.7286452781767	69.1955414293429	-1.34370880689717	0.349204358457322	-3.84791533769298	0.00011912720429037	0.00337202923164781
ENSMUSG00000044229	Nxpe4	19.9856838256903	49.3117471290865	55.2512889906865	66.8382035520244	113.125083349453	101.662208365838	67.6957025354631	1.35938632599992	0.363533942431572	3.73936561991263	0.000184485236934758	0.00494190818166648
ENSMUSG00000029338	Antxr2	19.9856838256903	34.966511600625	31.5721651375351	73.8738039259217	85.9750633455845	76.933563087661	53.8844651538363	1.49119269820124	0.40277967570022	3.70225408123896	0.000213692453491893	0.0056040396994523
ENSMUSG00000021095	Gsc	10.392555589359	26.0007393953365	11.2757732634054	16.4164008724271	131.225096685366	119.063847635666	52.3957355735933	1.71142096080067	0.464867334166988	3.68152553430631	0.000231842564555891	0.0059919062802302
ENSMUSG00000024620	Pdgfrb	49.5644958877121	56.4843648933173	46.2306703799621	100.843605359195	138.012601686333	123.643226390884	85.7964940995672	1.13122946145443	0.30889263996691	3.66220917913619	0.00025004954736544	0.00634424491821704
ENSMUSG00000028536	2610528J11Rik	67.9513250073472	24.2075849542788	29.317010484854	10.553400560846	7.91875583446173	5.4952545062615	24.2405552246749	-2.2379097140037	0.621644445690459	-3.59998344635423	0.000318237439334301	0.007743777690468
ENSMUSG00000022098	Bmp1	33.5759488271598	80.6919498475961	73.2925262121351	92.6354049229812	134.618849185849	155.698877677409	95.0855927788551	1.08707771808395	0.307692424812779	3.53300123896584	0.000410870546119882	0.00955101867265267
ENSMUSG00000060212	Pcnx2	80.742162655789	66.3467143191346	74.4201035384756	37.523201994119	20.3625150029016	19.2333907719152	49.7713480470558	-1.46636764617717	0.416672993336102	-3.51922891482998	0.000432803090934121	0.00987693050115288
ENSMUSG00000018581	Dnah11	28.7793847089941	20.6212760721634	24.8067011794919	60.9752032404433	84.84381251209	65.943054075138	47.6615719647201	1.51119785229391	0.432305460908435	3.49567143824257	0.000472870574595744	0.0106742194985148
ENSMUSG00000030769	Slc5a11	191.0631373736	80.6919498475961	112.757732634054	84.4272044867677	46.3812841732759	37.5509057927869	92.1453690513467	-1.05506285745303	0.303328079456311	-3.47828944601547	0.0005046247059759	0.0112687481300486
ENSMUSG00000034891	Sncb	82.3410173618442	105.796112022404	112.757732634054	43.3862023057001	44.1187825062868	36.6350300417433	70.8391461453387	-1.20213288033898	0.347568162497468	-3.45869676814182	0.000542795628945583	0.01193693193007
ENSMUSG00000021838	Samd4	29.5788120620217	48.4151699085577	37.2100517692378	87.9450046737163	109.73133084897	85.1764448470532	66.3428023515928	1.23906751867794	0.363637141829964	3.40742838435719	0.000655781150153637	0.0139694813948257
ENSMUSG00000025867	Cplx2	26.3811026499113	126.417388094567	68.7822169067729	98.4984052345623	195.706394194554	185.006901710804	116.798734798529	1.06206711083903	0.313433233878387	3.38849552645434	0.000702771752500358	0.0148342928573624
ENSMUSG00000066129	Kndc1	95.131855010286	70.8296004217788	84.5682994755405	38.6958020564352	30.5437725043524	29.3080240333947	58.1795589169646	-1.26720220616302	0.374003662292552	-3.38820801485038	0.000703508881803935	0.0148342928573624
ENSMUSG00000091490	Triml2	296.587547973245	44.8288610264423	56.378866317027	92.6354049229812	37.3312775053196	19.2333907719152	91.1658914194883	-1.17852670343721	0.356512981038647	-3.3057048862674	0.000947378120032284	0.0189217937157808
ENSMUSG00000031026	Trim66	73.5473164785405	32.2767799390384	38.3376290955784	14.0712007477946	12.4437591684399	13.7381362656537	30.7358036158409	-1.77128444961816	0.53987991864702	-3.28088596822999	0.00103481572092164	0.0203106991262025
ENSMUSG00000039209	Rpl39l	59.957051477071	46.6220154675	29.317010484854	23.4520012463244	9.05000666795627	13.7381362656537	30.3560369348932	-1.7278061168751	0.531036845977464	-3.25364639000666	0.00113934005110897	0.0219481201512242
ENSMUSG00000017057	Il13ra1	26.3811026499113	27.7938938363942	34.9548971165567	72.7012038636055	64.4812975091884	65.943054075138	48.7092415084657	1.33194172599182	0.410649626636163	3.24349917690764	0.00118071151822092	0.0225020181403843
ENSMUSG00000034958	Atcay	90.3352908921204	55.5877876727884	102.609536696989	29.3150015579054	30.5437725043524	23.8127695271332	55.3673598085482	-1.29105371697032	0.398552555228996	-3.23935626564612	0.00119799830834231	0.0227273752021839
ENSMUSG00000053399	Adamts18	9.59312823633137	0.896577220528845	6.76546395804324	23.4520012463244	32.8062741713415	24.7286452781767	16.3736816851243	2.73793790535723	0.848552589239892	3.22659778554184	0.00125271418770146	0.0236217994034401
ENSMUSG00000029055	Plch2	62.3553335361539	72.6227548628365	74.4201035384756	30.4876016202217	28.2812708373633	19.2333907719152	47.900075861161	-1.37676172927807	0.428035083461624	-3.21646935607209	0.00129778392495295	0.0242882109972828
ENSMUSG00000045010	Gm4779	149.492915016164	37.6562432622115	63.1443302750702	60.9752032404433	19.2312641694071	14.6540120166973	57.5256613299989	-1.22794565777627	0.391745447145489	-3.13454991429734	0.00172117969244274	0.0300496309101577
ENSMUSG00000021892	Sh3bp5	34.3753761801874	60.9672509959615	71.037371559454	99.6710052968785	88.2375650125736	116.316220382535	78.434131571265	1.07024636272861	0.345227435187978	3.10011967080733	0.0019344246857047	0.0329882832672839
ENSMUSG00000038347	Tcte2	111.120402070838	49.3117471290865	45.1030930536216	31.6602016825379	24.8875183368797	27.4762725313075	48.2598724673786	-1.30978681281795	0.42363524438906	-3.09177961504795	0.00198960501923348	0.0336991037382517
ENSMUSG00000039552	Rsph4a	103.126128540562	69.0364459807211	71.037371559454	42.2136022433838	32.8062741713415	34.8032785396562	58.8371835058531	-1.14138029860323	0.369862219176334	-3.0859607697835	0.00202895589683635	0.0341340383560757
ENSMUSG00000024109	Nrxn1	45.567359122574	47.5185926880288	37.2100517692378	99.6710052968785	80.3188091781119	112.652717378361	70.489755905532	1.07073462184094	0.347766857751897	3.07888632275828	0.00207775946735102	0.034861117514708
ENSMUSG00000005583	Mef2c	29.5788120620217	41.2425521443269	47.3582477063027	71.5286038012893	82.5813108451009	87.0081963491404	59.8829538180303	1.13793113396025	0.369689560358101	3.07807213397639	0.00208344476771143	0.034862789591611
ENSMUSG00000008461	Fut1	64.7536155952367	37.6562432622115	45.1030930536216	10.553400560846	20.3625150029016	17.4016392698281	32.6384177907742	-1.6573262709049	0.539024599084966	-3.07467650589292	0.00210730987058121	0.0351208933437453
ENSMUSG00000025056	Nr0b1	121.512957660197	43.9322838059134	31.5721651375351	31.6602016825379	27.1500200038688	21.0651422740024	46.1487950940092	-1.35340269932872	0.441483490389271	-3.06557941302715	0.00217248676545651	0.0359670454816891
ENSMUSG00000015957	Wnt11	23.9828205908284	50.2083243496153	23.6791238531513	45.7314024303325	141.406354186817	101.662208365838	64.4450389627637	1.14066723823026	0.372690172503766	3.06063138334762	0.00220870832794019	0.0364699815577744
ENSMUSG00000010592	Dazl	155.888333840385	66.3467143191346	92.4613407599243	79.7368042375028	38.4625283388141	21.981018025046	75.8127899201344	-1.0652636677311	0.348337120915082	-3.05813995629478	0.00222715532156457	0.0367259971982703
ENSMUSG00000022747	St3gal6	55.959914711933	44.8288610264423	63.1443302750702	84.4272044867677	118.781337516926	108.989214374186	79.3551437318876	1.01291391783614	0.333298315556755	3.03906101698752	0.00237316783458165	0.0382742300763343
ENSMUSG00000014164	Klhl3	51.1633505937673	78.8987954065384	71.037371559454	178.235209472065	116.518835849937	99.8304568637506	99.2806699575854	1.01394007147857	0.336199255199774	3.01589029659234	0.0025622594401837	0.0406929829412381
ENSMUSG00000027217	Tspan18	4.79656411816568	18.8281216311058	13.5309279160865	24.6246013086406	54.3000400077376	46.7096633032227	27.1316530474931	1.74863019747902	0.583043873461064	2.9991399911276	0.00270742876228013	0.0423519213528106
ENSMUSG00000031216	Stard8	36.7736582392702	49.3117471290865	25.9342785058324	83.2546044244515	105.206327514992	87.924072100184	64.7341146523027	1.05608774564509	0.35395145693384	2.98370786433149	0.00284778527877582	0.0439068854264653
ENSMUSG00000046000	Naa11	56.7593420649606	17.0349671900481	21.4239692004703	17.5890009347433	2.26250166698907	3.66350300417433	19.7888806768976	-2.08188643422506	0.698306481040683	-2.98133626244229	0.00286993472459679	0.0441199447871204
ENSMUSG00000042988	Notum	135.902650014694	304.836254979807	190.560568151551	405.719621561411	473.99409923421	451.526745264487	327.089989867693	1.00269530042002	0.336780789819608	2.97729363054556	0.00290805348095955	0.0445961076201696
ENSMUSG00000018698	Lhx1	5.5959914711933	7.17261776423076	3.38273197902162	12.8986006854784	42.9875316727923	47.6255390542663	19.9438354378304	2.06888560994603	0.69885924315738	2.96037525467789	0.00307264528633952	0.0464417103331275
